Account_status...0.DM,Account_status....200.DM,Account_status.0..........200.DM,Duration,Credit_history.all.credits.at.this.bank.paid.back.duly,Credit_history.critical.account...other.credits.existing..not.at.this.bank.,Credit_history.delay.in.paying.off.in.the.past,Credit_history.existing.credits.paid.back.duly.till.now,Purpose.business,Purpose.car..new.,Purpose.car..used.,Purpose.domestic.appliances,Purpose.education,Purpose.furniture...equipment,Purpose.others,Purpose.radio...television,Purpose.repairs,Credit_amount,Savings_bonds...100.DM,Savings_bonds....1000.DM,Savings_bonds.100...........500.DM,Savings_bonds.500..........1000.DM,Present_employment_since...1.year,Present_employment_since....7.years,Present_employment_since.1...........4.years,Present_employment_since.4...........7.years,Installment_rate,Other_debtors_guarantors.co.applicant,Other_debtors_guarantors.guarantor,Resident_since,Property.building.society.savings.agreement...life.insurance,Property.car.or.other,Property.real.estate,Age,Other_installment_plans.bank,Other_installment_plans.none,Housing.rent,Housing.own,Existing_credits,Job.management...self.employed...highly.qualified.employee...officer,Job.skilled.employee...official,Job.unemployed...unskilled....non.resident,People_maintenance_for,Telephone.none,Foreign_worker.no,has.bad.credit.risk,Gender.Female
0,0,1,48,0,0,0,1,0,0,0,0,0,0,0,1,0,5951,1,0,0,0,0,0,1,0,2,0,0,2,0,0,1,22,0,1,0,1,1,0,1,0,1,1,0,1,0
1,0,0,42,0,0,0,1,0,0,0,0,0,1,0,0,0,7882,1,0,0,0,0,0,0,1,2,0,1,4,1,0,0,45,0,1,0,0,1,0,1,0,2,1,0,0,1
0,0,0,24,0,0,0,1,0,0,0,0,0,1,0,0,0,2835,0,0,0,1,0,1,0,0,3,0,0,4,1,0,0,53,0,1,0,1,1,0,1,0,1,1,0,0,1
0,0,1,12,0,0,0,1,0,1,0,0,0,0,0,0,0,1295,1,0,0,0,1,0,0,0,3,0,0,1,0,1,0,25,0,1,1,0,1,0,1,0,1,1,0,1,0
1,0,0,48,0,0,0,1,1,0,0,0,0,0,0,0,0,4308,1,0,0,0,1,0,0,0,3,0,0,4,1,0,0,24,0,1,1,0,1,0,1,0,1,1,0,1,0
0,0,1,12,0,0,0,1,0,0,0,0,0,0,0,1,0,1567,1,0,0,0,0,0,1,0,1,0,0,1,0,1,0,22,0,1,0,1,1,0,1,0,1,0,0,0,0
1,0,0,30,0,0,0,0,1,0,0,0,0,0,0,0,0,8072,0,0,0,0,1,0,0,0,2,0,0,3,0,1,0,25,1,0,0,1,3,0,1,0,1,1,0,0,1
1,0,0,6,0,0,0,1,0,0,0,0,0,0,0,1,0,2647,0,0,0,1,0,0,1,0,2,0,0,3,0,0,1,44,0,1,1,0,1,0,1,0,2,1,0,0,1
1,0,0,10,0,1,0,0,0,1,0,0,0,0,0,0,0,2241,1,0,0,0,1,0,0,0,1,0,0,3,0,0,1,48,0,1,1,0,2,0,0,0,2,1,1,0,1
1,0,0,6,0,0,0,1,0,0,0,0,0,1,0,0,0,1374,1,0,0,0,0,0,1,0,1,0,0,2,0,0,1,36,1,0,0,1,1,0,0,0,1,0,0,0,1
1,0,0,60,0,0,1,0,1,0,0,0,0,0,0,0,0,6836,1,0,0,0,0,1,0,0,3,0,0,4,0,0,0,63,0,1,0,1,2,0,1,0,1,0,0,1,1
0,0,1,18,0,0,0,1,1,0,0,0,0,0,0,0,0,1913,0,1,0,0,1,0,0,0,3,0,0,3,0,0,1,36,1,0,0,1,1,0,1,0,1,0,0,0,1
1,0,0,24,0,0,0,1,0,0,0,0,0,1,0,0,0,4020,1,0,0,0,0,0,1,0,2,0,0,2,0,1,0,27,0,0,0,1,1,0,1,0,1,1,0,0,1
0,0,1,18,0,0,0,1,0,1,0,0,0,0,0,0,0,5866,0,0,1,0,0,0,1,0,2,0,0,2,0,1,0,30,0,1,0,1,2,0,1,0,1,0,0,0,1
0,0,0,48,0,1,0,0,0,0,0,0,1,0,0,0,0,6110,1,0,0,0,0,0,1,0,1,0,0,3,0,0,0,31,1,0,0,0,1,0,1,0,1,0,0,0,1
0,1,0,10,0,0,0,1,0,0,0,1,0,0,0,0,0,1225,1,0,0,0,0,0,1,0,2,0,0,2,0,1,0,37,0,1,0,1,1,0,1,0,1,0,0,0,1
0,0,1,12,0,0,0,1,0,0,0,0,0,0,0,1,0,1158,0,0,0,1,0,0,1,0,3,0,0,1,0,1,0,26,0,1,0,1,1,0,1,0,1,0,0,0,1
0,0,1,18,0,0,1,0,0,0,0,0,0,0,0,0,1,6204,1,0,0,0,0,0,1,0,2,0,0,4,0,0,1,44,0,1,0,1,1,0,0,0,2,0,0,0,1
1,0,0,48,0,1,0,0,0,0,1,0,0,0,0,0,0,6143,1,0,0,0,0,1,0,0,4,0,0,4,0,0,0,58,0,0,0,0,2,0,0,0,1,1,0,1,0
0,0,0,11,0,1,0,0,0,1,0,0,0,0,0,0,0,1393,1,0,0,0,1,0,0,0,4,0,0,4,0,1,0,35,0,1,0,1,2,1,0,0,1,1,0,0,0
0,0,0,36,0,0,0,1,0,0,0,0,0,0,0,1,0,2299,0,0,0,1,0,1,0,0,4,0,0,4,0,1,0,39,0,1,0,1,1,0,1,0,1,1,0,0,1
0,0,0,12,0,0,0,1,0,0,0,0,0,0,0,1,0,1262,1,0,0,0,0,0,1,0,3,0,0,2,0,1,0,25,0,1,0,1,1,0,1,0,1,1,0,0,1
0,0,1,12,0,0,0,1,0,0,0,0,0,0,0,1,0,6468,0,0,0,0,0,0,0,0,2,0,0,1,0,0,0,52,0,1,0,1,1,1,0,0,1,0,0,1,1
0,1,0,18,0,0,0,1,0,1,0,0,0,0,0,0,0,1961,1,0,0,0,0,1,0,0,3,0,0,2,0,1,0,23,0,1,0,1,1,1,0,0,1,1,0,0,0
0,0,1,9,0,0,0,1,1,0,0,0,0,0,0,0,0,1391,1,0,0,0,0,0,1,0,2,0,0,1,0,0,1,27,1,0,0,1,1,0,1,0,1,0,0,0,1
0,0,1,15,0,1,0,0,0,0,0,0,0,0,0,1,0,1537,0,0,0,0,0,1,0,0,4,0,1,4,0,0,1,50,0,1,0,1,2,0,1,0,1,0,0,0,1
0,0,1,36,0,0,0,0,1,0,0,0,0,0,0,0,0,1953,1,0,0,0,0,1,0,0,4,0,0,4,0,0,0,61,0,1,0,0,1,1,0,0,1,0,0,1,1
0,0,0,24,0,0,0,1,0,0,0,0,0,0,0,1,0,3181,1,0,0,0,1,0,0,0,4,0,0,4,1,0,0,26,0,1,0,1,1,0,1,0,1,0,0,0,0
0,0,0,27,0,0,0,1,0,0,0,0,0,0,0,0,1,5190,0,0,0,0,0,1,0,0,4,0,0,4,1,0,0,48,0,1,0,1,4,0,1,0,2,0,0,0,1
0,0,0,36,0,0,0,1,0,0,0,0,0,0,0,1,0,2394,0,0,0,0,0,0,1,0,4,0,0,4,0,1,0,25,0,1,0,1,1,0,1,0,1,1,0,0,0
0,0,1,42,0,1,0,0,1,0,0,0,0,0,0,0,0,5954,1,0,0,0,0,0,0,1,2,0,0,1,0,0,1,41,1,0,0,1,2,0,0,0,1,1,0,0,0
1,0,0,42,0,0,0,1,0,0,0,0,0,0,0,1,0,3965,1,0,0,0,1,0,0,0,4,0,0,3,0,1,0,34,0,1,0,1,1,0,1,0,1,1,0,1,1
0,0,1,11,0,0,1,0,0,0,0,0,0,0,0,1,0,4771,1,0,0,0,0,0,0,1,2,0,0,4,1,0,0,51,0,1,0,1,1,0,1,0,1,1,0,0,1
0,0,0,24,0,0,0,1,0,0,0,0,0,0,0,1,0,5943,0,0,0,0,1,0,0,0,1,0,0,1,0,1,0,44,0,1,0,1,2,0,1,0,1,0,0,1,0
0,0,0,15,0,0,0,1,0,0,0,0,0,0,0,1,0,1213,0,0,0,1,0,1,0,0,4,0,0,3,1,0,0,47,0,0,0,1,1,0,1,0,1,0,0,0,1
0,0,0,18,0,0,0,1,1,0,0,0,0,0,0,0,0,1568,0,0,1,0,0,0,1,0,3,0,0,4,1,0,0,24,0,1,1,0,1,0,0,0,1,1,0,0,0
1,0,0,24,0,0,0,1,0,0,0,0,0,0,1,0,0,1755,1,0,0,0,0,1,0,0,4,0,1,4,0,0,1,58,0,1,0,1,1,0,0,0,1,0,0,0,0
0,0,0,12,0,1,0,0,1,0,0,0,0,0,0,0,0,1412,1,0,0,0,0,0,1,0,4,0,1,2,0,0,1,29,0,1,0,1,2,1,0,0,1,0,0,0,0
1,0,0,12,0,0,0,0,0,0,0,0,0,0,0,0,1,1108,1,0,0,0,0,0,0,1,4,0,0,3,0,0,1,28,0,1,0,1,2,0,1,0,1,1,0,1,1
0,0,1,54,0,0,0,0,1,0,0,0,0,0,0,0,0,15945,1,0,0,0,1,0,0,0,3,0,0,4,0,0,0,58,0,1,1,0,1,0,1,0,1,0,0,1,1
0,0,1,36,0,1,0,0,0,0,0,0,0,0,0,1,0,2337,1,0,0,0,0,1,0,0,4,0,0,4,0,0,1,36,0,1,0,1,1,0,1,0,1,1,0,0,1
0,0,0,18,1,0,0,0,0,1,0,0,0,0,0,0,0,6458,1,0,0,0,0,1,0,0,2,0,0,4,0,0,0,39,1,0,0,1,2,1,0,0,2,0,0,1,1
0,0,1,12,0,0,0,1,0,1,0,0,0,0,0,0,0,6078,1,0,0,0,0,0,0,1,2,0,0,2,0,1,0,32,0,1,0,1,1,0,1,0,1,1,0,0,1
0,1,0,15,0,0,0,1,0,0,0,0,1,0,0,0,0,392,1,0,0,0,1,0,0,0,4,0,0,4,1,0,0,23,0,1,1,0,1,0,1,0,1,0,0,0,0
0,0,0,36,0,1,0,0,0,1,0,0,0,0,0,0,0,7855,1,0,0,0,0,0,1,0,4,0,0,2,0,0,1,25,0,0,0,1,2,0,1,0,1,0,0,1,0
1,0,0,10,0,1,0,0,0,0,0,0,0,1,0,0,0,2132,0,0,0,0,1,0,0,0,2,1,0,3,0,0,1,27,0,1,1,0,2,0,1,0,1,1,1,0,0
0,0,0,24,0,1,0,0,0,0,1,0,0,0,0,0,0,3868,1,0,0,0,0,1,0,0,4,0,0,2,0,1,0,41,0,1,1,0,2,1,0,0,1,0,0,0,0
0,0,1,18,0,0,0,1,0,0,0,0,0,1,0,0,0,1924,0,0,0,0,1,0,0,0,4,0,0,3,0,0,1,27,0,1,1,0,1,0,1,0,1,1,0,1,0
1,0,0,12,0,0,0,1,0,0,0,0,0,0,0,1,0,701,1,0,0,0,0,0,1,0,4,0,0,2,0,0,1,40,0,1,0,1,1,0,0,0,1,1,0,0,1
0,0,1,12,0,0,0,1,0,0,0,0,0,0,0,0,1,639,1,0,0,0,0,0,1,0,4,0,0,2,0,1,0,30,0,1,0,1,1,0,1,0,1,1,0,1,1
0,0,1,12,0,1,0,0,0,0,1,0,0,0,0,0,0,1860,1,0,0,0,0,0,0,0,4,0,0,2,0,1,0,34,0,1,0,1,2,1,0,0,1,0,0,0,1
1,0,0,12,0,1,0,0,0,1,0,0,0,0,0,0,0,3499,1,0,0,0,0,0,1,0,3,1,0,2,0,0,1,29,0,1,0,1,2,0,1,0,1,1,0,1,0
1,0,0,36,0,0,1,0,0,0,0,0,1,0,0,0,0,6887,1,0,0,0,0,0,1,0,4,0,0,3,1,0,0,29,0,0,0,1,1,0,1,0,1,0,0,1,1
0,0,0,18,0,0,0,1,0,0,0,0,0,1,0,0,0,1984,1,0,0,0,0,0,1,0,4,0,0,4,0,0,0,47,1,0,0,0,2,0,1,0,1,1,0,0,1
0,0,1,12,0,0,0,1,0,0,0,0,0,0,0,1,0,766,0,0,0,1,0,0,1,0,4,0,0,3,0,0,1,66,0,1,0,1,1,0,0,0,1,1,0,1,1
0,1,0,12,0,0,0,1,0,0,0,0,0,0,0,1,0,1881,1,0,0,0,0,0,1,0,2,0,0,2,0,1,0,44,0,1,1,0,1,0,0,0,1,0,0,0,0
0,1,0,6,0,0,0,1,0,1,0,0,0,0,0,0,0,709,0,1,0,0,1,0,0,0,2,0,0,2,0,0,1,27,0,1,0,1,1,0,0,1,1,1,1,0,1
0,0,1,36,0,0,0,1,0,0,0,0,0,0,0,1,0,4795,1,0,0,0,1,0,0,0,4,0,0,1,0,0,0,30,0,1,0,1,1,1,0,0,1,0,0,0,0
1,0,0,27,0,0,0,1,0,0,0,0,0,0,0,1,0,3416,1,0,0,0,0,0,1,0,3,0,0,2,0,1,0,27,0,1,0,1,1,1,0,0,1,1,0,0,1
0,0,0,21,0,1,0,0,0,0,0,0,0,1,0,0,0,2288,1,0,0,0,1,0,0,0,4,0,0,4,1,0,0,23,0,1,0,1,1,0,1,0,1,0,0,0,0
0,0,1,48,1,0,0,0,1,0,0,0,0,0,0,0,0,3566,0,0,1,0,0,0,0,1,4,0,0,2,0,1,0,30,0,1,0,1,1,0,1,0,1,1,0,0,1
1,0,0,36,0,1,0,0,0,0,0,0,0,1,0,0,0,5371,1,0,0,0,0,0,1,0,3,0,1,2,1,0,0,28,0,1,0,1,2,0,1,0,1,1,0,0,1
0,0,0,10,0,0,0,1,0,0,0,0,0,0,0,1,0,1924,1,0,0,0,0,0,1,0,1,0,0,4,1,0,0,38,0,1,0,1,1,0,1,0,1,0,1,0,1
0,1,0,36,0,0,0,1,0,0,0,0,0,0,0,1,0,5848,1,0,0,0,0,0,1,0,4,0,0,1,0,1,0,24,0,1,0,1,1,0,1,0,1,1,0,0,1
0,0,1,24,0,1,0,0,0,0,1,0,0,0,0,0,0,7758,0,1,0,0,0,1,0,0,2,0,0,4,0,0,0,29,0,1,1,0,1,0,1,0,1,1,0,0,0
0,0,1,24,0,0,1,0,1,0,0,0,0,0,0,0,0,6967,0,0,1,0,0,0,0,1,4,0,0,4,0,1,0,36,0,1,1,0,1,1,0,0,1,0,0,0,1
1,0,0,12,0,0,0,1,0,0,0,0,0,1,0,0,0,1282,1,0,0,0,0,0,1,0,2,0,0,4,0,1,0,20,0,1,1,0,1,0,1,0,1,1,0,1,0
0,0,0,24,0,1,0,0,0,0,0,0,0,0,0,1,0,2872,0,0,1,0,0,1,0,0,3,0,0,4,0,0,1,36,0,1,0,1,1,0,1,0,2,0,0,0,1
0,0,0,18,0,1,0,0,0,1,0,0,0,0,0,0,0,1055,1,0,0,0,1,0,0,0,4,0,0,1,1,0,0,30,0,1,0,1,2,0,1,0,1,1,0,0,0
0,0,0,15,0,0,0,1,0,0,0,1,0,0,0,0,0,1262,0,0,0,1,0,0,0,1,4,0,0,3,1,0,0,36,0,1,0,1,2,0,1,0,1,0,0,0,1
0,0,1,10,0,0,0,1,0,1,0,0,0,0,0,0,0,7308,1,0,0,0,0,0,0,0,2,0,0,4,0,0,0,70,1,0,0,0,1,1,0,0,1,0,0,0,1
0,0,0,36,0,0,0,1,0,1,0,0,0,0,0,0,0,909,0,0,0,1,0,1,0,0,4,0,0,4,1,0,0,36,0,1,0,1,1,0,1,0,1,1,0,0,1
0,0,0,6,0,0,0,1,0,0,0,0,0,1,0,0,0,2978,0,0,0,1,0,0,1,0,1,0,0,2,0,1,0,32,0,1,0,1,1,0,1,0,1,0,0,0,1
0,0,1,11,0,0,0,1,0,0,0,0,0,1,0,0,0,1577,0,1,0,0,1,0,0,0,4,0,0,1,0,0,1,20,0,1,0,1,1,0,1,0,1,1,0,0,0
0,0,0,24,0,0,0,1,0,0,0,0,0,1,0,0,0,3972,1,0,0,0,0,0,0,1,2,0,0,4,1,0,0,25,0,1,1,0,1,0,1,0,1,0,0,0,0
0,0,1,24,0,1,0,0,1,0,0,0,0,0,0,0,0,1935,1,0,0,0,0,1,0,0,4,0,0,4,0,0,1,31,0,1,0,1,2,0,1,0,1,0,0,1,1
1,0,0,15,0,0,0,0,0,1,0,0,0,0,0,0,0,950,1,0,0,0,0,1,0,0,4,0,0,3,0,1,0,33,0,1,1,0,2,0,1,0,2,1,0,1,1
1,0,0,12,0,0,0,1,0,0,0,0,0,1,0,0,0,2577,1,0,0,0,0,0,1,0,2,0,0,1,0,1,0,42,0,1,0,1,1,0,1,0,1,1,0,0,1
0,0,0,12,0,0,0,1,0,0,0,0,0,0,0,1,0,1963,1,0,0,0,0,0,0,1,4,0,0,2,0,1,0,31,0,1,1,0,2,1,0,0,2,0,0,0,1
1,0,0,21,0,1,0,0,0,1,0,0,0,0,0,0,0,571,1,0,0,0,0,1,0,0,4,0,0,4,0,0,1,65,0,1,0,1,2,0,1,0,1,1,0,0,1
0,0,0,36,0,0,1,0,1,0,0,0,0,0,0,0,0,9572,1,0,0,0,1,0,0,0,1,0,0,1,0,1,0,28,0,1,0,1,2,0,1,0,1,1,0,1,1
0,0,1,36,0,0,1,0,1,0,0,0,0,0,0,0,0,4455,1,0,0,0,0,0,1,0,2,0,0,2,0,0,1,30,0,0,0,1,2,1,0,0,1,0,0,1,1
1,0,0,21,1,0,0,0,0,1,0,0,0,0,0,0,0,1647,0,0,0,0,0,0,1,0,4,0,0,2,1,0,0,40,0,1,0,1,2,0,0,0,2,1,0,1,1
0,0,1,18,0,1,0,0,0,1,0,0,0,0,0,0,0,884,1,0,0,0,0,1,0,0,4,0,0,4,0,1,0,36,1,0,0,1,1,0,1,0,2,0,0,1,1
0,0,1,18,0,0,0,0,0,0,0,0,0,1,0,0,0,3244,1,0,0,0,0,0,1,0,1,0,0,4,0,1,0,33,1,0,0,1,2,0,1,0,1,0,0,0,0
0,0,0,24,0,0,0,1,1,0,0,0,0,0,0,0,0,4591,0,1,0,0,0,0,1,0,2,0,0,3,1,0,0,54,0,1,0,1,3,1,0,0,1,0,0,1,1
0,0,0,6,0,0,0,1,0,0,0,0,0,0,0,1,0,2108,1,0,0,0,0,0,0,1,2,0,0,2,0,0,1,29,0,1,1,0,1,0,1,0,1,1,0,0,1
0,0,1,9,0,1,0,0,0,0,0,0,1,0,0,0,0,1501,1,0,0,0,0,1,0,0,2,0,0,3,0,1,0,34,0,1,0,1,2,1,0,0,1,0,0,1,0
0,0,0,6,0,1,0,0,0,0,0,0,0,0,0,1,0,1382,1,0,0,0,0,0,1,0,1,0,0,1,0,1,0,28,0,1,0,1,2,0,1,0,1,0,0,0,0
1,0,0,12,0,0,0,1,0,1,0,0,0,0,0,0,0,1168,1,0,0,0,0,0,1,0,4,0,0,3,0,0,1,27,0,1,0,1,1,0,0,0,1,1,0,0,1
0,0,0,27,0,0,1,0,1,0,0,0,0,0,0,0,0,5117,1,0,0,0,0,0,0,1,3,0,0,4,0,1,0,26,0,1,0,1,2,0,1,0,1,1,0,0,1
1,0,0,24,0,0,0,1,1,0,0,0,0,0,0,0,0,6568,1,0,0,0,0,0,1,0,2,0,0,2,0,1,0,21,0,0,0,1,1,0,0,0,1,1,0,0,1
0,0,0,9,0,1,0,0,0,0,0,0,0,0,0,1,0,3074,0,0,0,0,0,0,1,0,1,0,0,2,0,0,1,33,0,1,0,1,2,0,1,0,2,1,0,0,1
1,0,0,27,0,0,0,0,1,0,0,0,0,0,0,0,0,5293,1,0,0,0,0,0,0,0,2,0,0,4,1,0,0,50,0,0,0,1,2,0,1,0,1,0,0,1,1
0,1,0,30,0,0,1,0,1,0,0,0,0,0,0,0,0,1908,1,0,0,0,0,1,0,0,4,0,0,4,0,0,1,66,0,1,0,1,1,1,0,0,1,0,0,1,1
0,0,0,36,0,1,0,0,0,0,0,0,0,0,0,1,0,3342,0,0,0,0,0,1,0,0,4,0,0,2,0,1,0,51,0,1,0,1,1,0,1,0,1,0,0,0,1
0,0,1,6,0,1,0,0,0,0,0,0,0,0,0,0,0,932,0,0,0,0,0,0,0,1,1,0,0,3,1,0,0,39,0,1,0,1,2,0,0,0,1,1,0,0,0
0,1,0,36,0,0,0,1,0,0,0,0,0,0,0,1,0,3913,1,0,0,0,0,0,1,0,2,0,0,2,0,0,1,23,0,1,0,1,1,0,1,0,1,0,0,0,1
0,0,0,10,0,0,0,1,0,1,0,0,0,0,0,0,0,1364,1,0,0,0,0,0,1,0,2,0,0,4,0,1,0,64,0,1,0,1,1,0,1,0,1,0,0,0,0
0,0,1,12,0,0,0,1,0,0,0,0,0,0,0,1,0,625,1,0,0,0,1,0,0,0,4,0,1,1,0,0,1,26,1,0,0,1,1,0,0,0,1,1,0,0,1
0,0,0,24,0,0,1,0,1,0,0,0,0,0,0,0,0,2978,0,0,0,0,0,0,1,0,4,0,0,4,0,0,1,32,0,1,0,1,2,0,1,0,2,0,0,0,1
0,0,0,15,0,0,0,1,0,0,1,0,0,0,0,0,0,4657,1,0,0,0,0,0,1,0,3,0,0,2,0,1,0,30,0,1,0,1,1,0,1,0,1,0,0,0,1
0,0,1,48,0,0,0,1,0,0,0,0,0,0,0,1,0,10961,0,1,0,0,0,0,0,1,1,1,0,2,0,0,0,27,1,0,0,1,2,0,1,0,1,0,0,1,1
1,0,0,12,0,0,0,1,0,0,0,0,0,1,0,0,0,7865,1,0,0,0,0,1,0,0,4,0,0,4,0,0,0,53,0,1,0,0,1,1,0,0,1,0,0,1,1
0,0,0,9,0,0,0,1,0,0,0,0,0,0,0,1,0,1478,1,0,0,0,0,0,0,1,4,0,0,2,0,1,0,22,0,1,0,1,1,0,1,0,1,1,0,1,1
0,0,0,9,0,0,0,1,0,1,0,0,0,0,0,0,0,2507,0,0,0,1,0,1,0,0,2,0,0,4,0,0,0,51,0,1,0,0,1,0,0,0,1,1,0,0,1
1,0,0,24,0,0,0,1,0,0,0,0,0,0,0,1,0,1823,1,0,0,0,0,0,0,0,4,0,0,2,0,1,0,30,0,0,0,1,1,1,0,0,2,1,0,1,1
0,0,1,6,0,0,0,1,0,1,0,0,0,0,0,0,0,14555,0,0,0,0,0,0,0,0,1,0,0,2,1,0,0,23,0,1,0,1,1,0,0,1,1,0,0,1,1
0,0,0,12,0,1,0,0,0,0,0,0,0,0,0,1,0,1291,1,0,0,0,0,0,1,0,4,0,0,2,1,0,0,35,0,1,0,1,2,0,1,0,1,1,0,0,0
1,0,0,30,0,0,0,1,0,0,0,0,0,0,0,1,0,2522,1,0,0,0,0,1,0,0,1,0,1,3,1,0,0,39,0,1,0,1,1,0,1,0,2,1,0,0,1
1,0,0,48,0,0,0,0,0,0,1,0,0,0,0,0,0,4605,1,0,0,0,0,1,0,0,3,0,0,4,0,0,0,24,0,1,0,0,2,0,1,0,2,1,0,1,1
0,0,0,12,0,1,0,0,1,0,0,0,0,0,0,0,0,1185,1,0,0,0,0,0,1,0,3,0,0,2,0,0,1,27,0,1,0,1,2,0,1,0,1,1,0,0,0
0,0,0,12,0,1,0,0,0,0,0,0,0,0,0,1,0,717,1,0,0,0,0,1,0,0,4,0,0,4,0,0,1,52,0,1,0,1,3,0,1,0,1,1,0,0,1
0,0,0,18,0,0,0,1,0,0,0,0,0,0,0,1,0,433,1,0,0,0,0,0,0,0,3,1,0,4,0,0,1,22,0,1,1,0,1,0,1,0,1,1,0,1,0
1,0,0,6,0,1,0,0,0,1,0,0,0,0,0,0,0,666,0,1,0,0,0,0,0,1,3,0,0,4,0,0,1,39,0,1,0,1,2,0,0,0,1,0,0,0,0
0,0,1,30,0,0,0,1,0,1,0,0,0,0,0,0,0,2150,1,0,0,0,0,0,1,0,4,0,1,2,0,0,0,24,1,0,0,1,1,0,1,0,1,1,0,1,0
0,0,0,24,0,0,1,0,0,0,0,0,0,1,0,0,0,4151,0,0,1,0,0,0,1,0,2,0,0,3,1,0,0,35,0,1,0,1,2,0,1,0,1,1,0,0,1
0,0,1,9,0,0,0,1,0,0,0,0,0,1,0,0,0,2030,0,0,0,0,0,0,0,1,2,0,0,1,0,1,0,24,0,1,0,1,1,0,1,0,1,0,0,0,1
0,0,1,60,0,0,1,0,0,0,0,0,0,0,0,1,0,7418,0,0,0,0,0,0,1,0,1,0,0,1,0,0,1,27,0,1,0,1,1,0,0,0,1,1,0,0,1
0,0,0,15,0,0,0,1,0,0,1,0,0,0,0,0,0,3812,0,0,1,0,1,0,0,0,1,0,0,4,0,1,0,23,0,1,0,1,1,0,1,0,1,0,0,0,0
0,0,0,11,0,1,0,0,0,0,0,0,0,0,0,1,0,1154,0,0,1,0,0,0,0,0,4,0,0,4,0,0,1,57,0,1,0,1,3,0,0,0,1,1,0,0,0
1,0,0,12,0,0,0,1,0,0,0,0,0,1,0,0,0,1657,1,0,0,0,0,0,1,0,2,0,0,2,0,0,1,27,0,1,0,1,1,0,1,0,1,1,0,0,1
1,0,0,24,0,0,0,1,0,0,0,0,0,0,0,1,0,1603,1,0,0,0,0,1,0,0,4,0,0,4,0,1,0,55,0,1,0,1,1,0,1,0,1,1,0,0,0
0,0,0,12,0,1,0,0,0,0,0,0,1,0,0,0,0,2748,1,0,0,0,0,1,0,0,2,0,0,4,0,0,0,57,1,0,0,0,3,0,0,0,1,1,0,0,0
0,0,0,10,0,1,0,0,0,1,0,0,0,0,0,0,0,1231,1,0,0,0,0,1,0,0,3,0,0,4,0,0,1,32,0,1,0,1,2,0,0,0,2,1,1,0,1
0,0,0,18,0,0,0,1,0,1,0,0,0,0,0,0,0,2662,0,0,0,0,0,0,0,1,4,0,0,3,1,0,0,32,0,1,0,1,1,0,1,0,1,1,1,0,1
0,0,0,12,0,1,0,0,0,0,0,0,0,1,0,0,0,1402,0,0,0,1,0,0,0,1,3,0,0,4,0,1,0,37,0,1,1,0,1,0,1,0,1,0,0,0,0
0,0,1,48,1,0,0,0,0,1,0,0,0,0,0,0,0,12169,0,0,0,0,0,0,0,0,4,1,0,4,0,0,0,36,0,1,0,0,1,1,0,0,1,0,0,0,1
0,0,1,48,0,0,0,1,0,0,0,0,0,0,0,1,0,3060,1,0,0,0,0,0,0,1,4,0,0,4,0,0,1,28,0,1,0,1,2,0,1,0,1,1,0,1,1
0,0,0,9,0,0,0,1,0,0,0,0,0,0,0,1,0,2697,1,0,0,0,0,0,1,0,1,0,0,2,0,0,1,32,0,1,0,1,1,0,1,0,2,1,0,0,1
0,0,0,18,0,1,0,0,0,0,0,0,0,0,0,1,0,2404,1,0,0,0,0,0,1,0,2,0,0,2,0,1,0,26,0,1,0,1,2,0,1,0,1,1,0,0,0
1,0,0,12,0,0,0,1,0,0,0,0,0,1,0,0,0,1262,0,0,0,0,0,1,0,0,2,0,0,4,1,0,0,49,0,1,0,1,1,0,0,0,1,0,0,0,1
0,0,0,24,0,0,0,1,0,0,0,0,0,0,0,1,0,1901,0,0,1,0,0,0,1,0,4,0,0,4,0,1,0,29,0,1,1,0,1,1,0,0,1,0,0,0,1
0,0,0,15,0,1,0,0,0,0,1,0,0,0,0,0,0,3368,0,1,0,0,0,1,0,0,3,0,0,4,0,0,0,23,0,1,1,0,2,0,1,0,1,0,0,0,1
0,0,0,12,0,0,0,1,0,0,0,0,0,1,0,0,0,1574,1,0,0,0,0,0,1,0,4,0,0,2,0,0,1,50,0,1,0,1,1,0,1,0,1,1,0,0,1
0,1,0,18,1,0,0,0,0,0,0,0,0,0,0,1,0,1445,0,0,0,0,0,0,0,1,4,0,0,4,0,1,0,49,1,0,0,1,1,0,0,0,1,1,0,0,1
0,0,0,15,0,1,0,0,0,0,0,0,0,1,0,0,0,1520,0,0,0,0,0,1,0,0,4,0,0,4,1,0,0,63,0,1,0,1,1,0,1,0,1,1,0,0,1
1,0,0,48,0,0,0,1,0,0,1,0,0,0,0,0,0,4788,1,0,0,0,0,0,0,1,4,0,0,3,1,0,0,26,0,1,0,1,1,0,1,0,2,1,0,0,1
0,0,1,48,0,0,1,0,0,0,0,0,0,0,1,0,0,7582,0,0,1,0,0,0,0,0,2,0,0,4,0,0,0,31,0,1,0,0,1,1,0,0,1,0,0,0,1
1,0,0,24,0,0,1,0,0,0,0,0,0,0,0,1,0,1024,1,0,0,0,1,0,0,0,4,0,0,4,0,0,1,48,0,0,0,1,1,0,1,0,1,1,0,1,1
0,0,0,12,0,0,0,1,1,0,0,0,0,0,0,0,0,1076,1,0,0,0,0,0,1,0,2,0,0,2,0,0,1,26,0,1,0,1,1,0,1,0,1,0,1,0,1
0,1,0,42,0,1,0,0,0,0,1,0,0,0,0,0,0,4796,1,0,0,0,0,1,0,0,4,0,0,4,0,0,0,56,0,1,0,0,1,0,1,0,1,1,0,0,1
0,0,0,48,0,1,0,0,1,0,0,0,0,0,0,0,0,7629,0,0,0,0,0,1,0,0,4,0,0,2,0,1,0,46,1,0,0,1,2,1,0,0,2,1,0,0,1
0,0,1,48,0,0,0,1,0,0,0,0,0,1,0,0,0,9960,1,0,0,0,1,0,0,0,1,0,0,2,0,1,0,26,0,1,0,1,1,0,1,0,1,0,0,1,0
0,0,0,12,0,0,0,1,0,0,1,0,0,0,0,0,0,4675,0,0,0,0,1,0,0,0,1,0,0,4,0,1,0,20,0,1,1,0,1,0,1,0,1,1,0,0,0
0,0,0,10,0,0,0,1,0,1,0,0,0,0,0,0,0,1287,0,0,0,0,0,1,0,0,4,1,0,2,1,0,0,45,0,1,0,1,1,0,0,0,1,1,1,0,1
0,0,1,36,0,0,0,0,0,0,0,0,0,0,0,1,0,3804,1,0,0,0,0,0,1,0,4,0,0,1,0,1,0,42,0,1,0,1,1,0,1,0,1,0,0,1,0
0,1,0,24,0,1,0,0,0,1,0,0,0,0,0,0,0,1344,0,0,0,0,0,0,0,1,4,0,0,2,0,0,1,37,1,0,0,1,2,0,0,0,2,1,0,1,1
1,0,0,10,0,1,0,0,0,1,0,0,0,0,0,0,0,1038,1,0,0,0,0,0,0,1,4,1,0,3,1,0,0,49,0,1,0,1,2,0,1,0,1,0,0,0,1
0,0,0,48,0,1,0,0,0,1,0,0,0,0,0,0,0,10127,0,0,0,1,0,0,1,0,2,0,0,2,0,0,0,44,1,0,0,0,1,0,1,0,1,1,0,1,1
0,0,0,30,0,0,0,1,0,0,1,0,0,0,0,0,0,4811,0,0,0,0,0,0,0,1,2,0,0,4,1,0,0,24,0,0,1,0,1,0,0,0,1,1,0,0,0
1,0,0,12,0,0,0,1,0,0,0,0,0,0,0,1,0,727,0,0,1,0,1,0,0,0,4,0,0,3,0,0,0,33,0,1,0,1,1,0,0,0,1,0,0,1,1
0,0,1,48,0,0,0,1,0,0,0,0,0,0,1,0,0,5381,0,0,0,0,0,0,0,0,3,0,0,4,0,0,0,40,1,0,0,0,1,0,0,1,1,0,0,0,1
0,0,0,24,0,0,0,1,0,0,0,0,0,1,0,0,0,5511,0,0,1,0,0,0,1,0,4,0,0,1,0,1,0,25,0,0,0,1,1,0,1,0,1,1,0,0,1
1,0,0,36,1,0,0,0,0,0,0,0,0,1,0,0,0,2746,1,0,0,0,0,1,0,0,4,0,0,4,0,1,0,31,1,0,0,1,1,0,1,0,1,1,0,1,1
0,0,1,24,0,0,0,1,0,0,0,0,0,1,0,0,0,4351,0,0,0,0,0,0,1,0,1,0,0,4,1,0,0,48,0,1,0,1,1,0,0,0,1,0,0,0,0
1,0,0,24,0,0,0,1,0,0,0,0,0,0,0,1,0,1938,1,0,0,0,1,0,0,0,4,0,0,3,1,0,0,32,0,1,0,1,1,0,1,0,1,1,0,1,1
1,0,0,18,0,0,0,1,0,0,0,0,0,1,0,0,0,2659,0,1,0,0,0,0,1,0,4,0,0,2,0,1,0,28,0,1,0,1,1,0,1,0,1,1,0,0,1
1,0,0,8,0,1,0,0,0,1,0,0,0,0,0,0,0,3398,1,0,0,0,0,0,0,1,1,0,0,4,0,0,1,39,0,1,0,1,2,0,0,0,1,1,1,0,1
0,1,0,36,0,0,0,1,0,0,0,0,0,0,0,1,0,4473,1,0,0,0,0,1,0,0,4,0,0,2,0,1,0,31,0,1,0,1,1,0,1,0,1,1,0,0,1
1,0,0,24,0,1,0,0,0,0,1,0,0,0,0,0,0,6615,1,0,0,0,0,0,0,0,2,0,0,4,0,0,0,75,0,1,0,0,2,1,0,0,1,0,0,0,1
0,0,1,60,0,0,0,1,0,1,0,0,0,0,0,0,0,7408,0,0,1,0,1,0,0,0,4,0,0,2,1,0,0,24,0,1,0,1,1,1,0,0,1,1,0,1,0
1,0,0,24,0,0,0,0,0,0,0,0,0,1,0,0,0,4110,1,0,0,0,0,1,0,0,3,0,0,4,0,0,0,23,1,0,1,0,2,0,1,0,2,1,0,1,1
1,0,0,24,0,0,0,1,0,0,0,0,0,1,0,0,0,4169,1,0,0,0,0,0,1,0,4,0,0,4,1,0,0,28,0,1,0,1,1,0,1,0,1,1,0,0,1
0,0,1,24,0,1,0,0,0,0,0,0,1,0,0,0,0,5743,1,0,0,0,1,0,0,0,2,0,0,4,0,0,0,24,0,1,0,0,2,0,1,0,1,0,0,0,0
0,0,1,18,0,0,0,1,0,0,0,0,0,0,0,1,0,3213,0,0,0,1,1,0,0,0,1,0,0,3,0,0,1,25,0,1,1,0,1,0,1,0,1,1,0,0,1
0,1,0,10,0,0,0,1,0,1,0,0,0,0,0,0,0,3949,1,0,0,0,1,0,0,0,1,0,1,1,1,0,0,37,0,1,0,1,1,0,0,0,2,1,0,0,1
0,0,1,13,0,1,0,0,0,0,0,0,0,0,0,1,0,882,1,0,0,0,1,0,0,0,4,0,1,4,0,0,1,23,0,1,0,1,2,0,1,0,1,1,0,0,1
0,0,1,24,0,0,0,1,0,0,0,0,0,0,0,1,0,3758,0,0,0,1,0,0,0,0,1,0,0,4,0,0,0,23,0,1,1,0,1,0,0,1,1,1,0,0,0
0,0,1,9,0,1,0,0,0,0,0,0,1,0,0,0,0,1136,0,1,0,0,0,1,0,0,4,0,0,3,0,0,0,32,0,1,0,0,2,0,1,0,2,1,0,1,1
0,0,1,9,0,0,0,1,0,0,0,0,0,1,0,0,0,959,1,0,0,0,0,0,1,0,1,0,0,2,0,1,0,29,0,1,0,1,1,0,1,0,1,1,1,1,0
0,0,0,18,0,1,0,0,0,0,1,0,0,0,0,0,0,3229,0,0,0,0,0,0,0,0,2,0,0,4,0,0,0,38,0,1,0,1,1,1,0,0,1,0,0,0,1
1,0,0,12,0,0,0,0,0,0,0,0,0,0,0,1,0,6199,1,0,0,0,0,0,1,0,4,0,0,2,1,0,0,28,0,1,1,0,2,0,1,0,1,0,0,1,1
0,0,0,10,0,0,0,1,0,0,0,0,1,0,0,0,0,727,0,0,0,1,0,1,0,0,4,0,0,4,0,0,0,46,0,1,0,0,1,0,1,0,1,0,0,0,1
0,0,1,24,0,0,0,1,0,1,0,0,0,0,0,0,0,1246,1,0,0,0,1,0,0,0,4,0,0,2,0,0,1,23,0,0,0,1,1,0,0,0,1,1,0,1,1
0,0,0,36,0,0,1,0,0,0,0,0,0,0,0,1,0,4463,1,0,0,0,0,0,1,0,4,0,0,2,0,1,0,26,0,1,0,1,2,1,0,0,1,0,0,1,1
1,0,0,30,0,0,0,1,0,0,0,0,0,1,0,0,0,2406,1,0,0,0,0,0,0,1,4,0,0,4,0,0,1,23,0,1,1,0,1,0,1,0,1,1,0,1,0
0,0,1,18,0,0,0,1,0,0,0,0,1,0,0,0,0,1239,0,0,0,0,0,0,1,0,4,0,0,4,0,0,0,61,0,1,0,0,1,0,1,0,1,1,0,0,1
0,1,0,12,0,0,0,1,0,0,0,0,0,0,0,1,0,3399,0,0,0,0,0,1,0,0,2,0,0,3,0,1,0,37,0,1,0,1,1,1,0,0,1,1,0,0,1
0,0,0,6,0,0,0,1,0,0,0,0,0,1,0,0,0,1766,1,0,0,0,0,0,1,0,1,0,0,2,1,0,0,21,0,1,1,0,1,0,1,0,1,1,0,0,1
0,0,0,12,0,0,0,1,1,0,0,0,0,0,0,0,0,1542,1,0,0,0,0,0,0,1,2,0,0,4,0,1,0,36,0,1,0,1,1,0,1,0,1,0,0,0,1
0,0,0,18,0,1,0,0,0,0,1,0,0,0,0,0,0,3850,1,0,0,0,0,0,0,1,3,0,0,1,0,1,0,27,0,1,0,1,2,0,1,0,1,1,0,0,1
1,0,0,18,0,0,0,1,0,0,0,0,0,1,0,0,0,3650,1,0,0,0,1,0,0,0,1,0,0,4,0,1,0,22,0,1,1,0,1,0,1,0,1,1,0,0,0
0,0,0,36,0,0,0,1,0,1,0,0,0,0,0,0,0,3079,0,0,0,0,0,0,1,0,4,0,0,4,0,0,1,36,0,1,0,1,1,0,1,0,1,1,0,0,1
0,0,0,18,0,1,0,0,0,0,0,0,0,0,0,1,0,6070,1,0,0,0,0,1,0,0,3,0,0,4,0,1,0,33,0,1,0,1,2,0,1,0,1,0,0,0,1
0,0,0,60,0,1,0,0,0,1,0,0,0,0,0,0,0,13756,0,0,0,0,0,1,0,0,2,0,0,4,0,0,0,63,1,0,0,0,1,1,0,0,1,0,0,0,1
0,0,1,60,1,0,0,0,0,0,0,0,0,0,1,0,0,14782,0,0,1,0,0,1,0,0,3,0,0,4,0,0,0,60,1,0,0,0,2,1,0,0,1,0,0,1,0
0,0,0,22,0,0,0,1,0,1,0,0,0,0,0,0,0,1283,0,0,0,0,0,0,0,1,4,0,0,4,1,0,0,25,0,1,1,0,1,0,1,0,1,1,0,0,0
0,0,0,18,0,1,0,0,0,0,0,0,0,0,0,1,0,2238,1,0,0,0,0,0,1,0,2,0,0,1,0,1,0,25,0,1,0,1,2,0,1,0,1,1,0,0,0
0,0,0,9,0,0,0,1,1,0,0,0,0,0,0,0,0,1449,1,0,0,0,0,0,0,1,3,0,0,2,0,1,0,27,0,1,0,1,2,0,1,0,1,1,0,0,0
1,0,0,36,0,0,0,1,0,1,0,0,0,0,0,0,0,3249,1,0,0,0,0,0,0,1,2,0,0,4,0,0,0,39,1,0,0,0,1,1,0,0,2,0,0,0,1
0,0,1,39,0,0,1,0,0,0,0,0,1,0,0,0,0,11760,0,0,1,0,0,0,0,1,2,0,0,3,0,0,0,32,0,1,1,0,1,0,1,0,1,0,0,0,1
0,0,0,24,0,1,0,0,0,0,0,0,0,0,0,1,0,1516,0,1,0,0,0,0,1,0,4,0,0,1,0,0,1,43,0,1,0,1,2,0,0,0,1,1,0,0,0
0,0,0,18,0,0,0,1,0,0,0,0,0,0,0,1,0,1473,1,0,0,0,1,0,0,0,3,0,0,4,0,0,1,39,0,1,0,1,1,0,1,0,1,0,0,0,1
0,0,1,18,0,1,0,0,1,0,0,0,0,0,0,0,0,1887,0,0,0,0,0,0,1,0,4,0,0,4,0,0,1,28,1,0,0,1,2,0,1,0,1,1,0,0,1
0,0,0,24,0,0,1,0,1,0,0,0,0,0,0,0,0,8648,1,0,0,0,1,0,0,0,2,0,0,2,0,1,0,27,1,0,0,1,2,0,1,0,1,0,0,1,1
0,0,1,18,0,0,1,0,0,1,0,0,0,0,0,0,0,2899,0,0,0,0,0,1,0,0,4,0,0,4,0,1,0,43,0,1,0,1,1,0,1,0,2,1,0,0,1
0,0,1,24,0,0,0,1,0,0,0,0,0,0,0,1,0,2039,1,0,0,0,1,0,0,0,1,0,0,1,1,0,0,22,0,1,0,1,1,0,1,0,1,0,0,1,1
0,1,0,12,0,1,0,0,0,1,0,0,0,0,0,0,0,939,0,0,0,1,0,0,0,1,4,0,0,2,0,0,1,28,0,1,0,1,3,0,1,0,1,0,0,1,1
0,0,1,24,0,0,0,1,0,0,0,0,0,0,0,1,0,1967,1,0,0,0,0,1,0,0,4,0,0,4,0,1,0,20,0,1,0,1,1,0,1,0,1,0,0,0,0
0,0,0,12,0,1,0,0,1,0,0,0,0,0,0,0,0,2292,1,0,0,0,0,0,0,0,4,0,0,2,0,1,0,42,0,0,0,1,2,1,0,0,1,0,0,1,1
1,0,0,24,0,0,0,1,0,1,0,0,0,0,0,0,0,1381,0,0,0,0,0,0,1,0,4,0,0,2,1,0,0,35,0,1,0,1,1,0,1,0,1,1,0,1,0
1,0,0,12,0,0,0,1,0,1,0,0,0,0,0,0,0,2579,1,0,0,0,1,0,0,0,4,0,0,1,0,0,1,33,0,1,0,1,1,0,0,0,2,1,0,1,1
0,0,1,18,0,0,0,1,0,1,0,0,0,0,0,0,0,1042,0,0,0,0,0,0,1,0,4,0,0,2,1,0,0,33,0,1,0,1,1,0,1,0,1,1,0,1,0
0,0,0,15,0,0,0,1,0,1,0,0,0,0,0,0,0,3186,0,1,0,0,0,0,0,1,2,0,0,3,0,1,0,20,0,1,1,0,1,0,1,0,1,1,0,0,0
0,0,1,12,0,1,0,0,0,1,0,0,0,0,0,0,0,958,1,0,0,0,0,0,0,1,2,0,0,3,0,0,1,47,0,1,0,1,2,0,0,0,2,1,0,0,1
0,0,1,18,0,0,0,1,0,0,1,0,0,0,0,0,0,2779,1,0,0,0,0,0,1,0,1,0,0,3,0,1,0,21,0,1,1,0,1,0,1,0,1,0,0,0,1
0,0,0,28,0,1,0,0,0,0,0,0,0,0,0,1,0,2743,1,0,0,0,0,1,0,0,4,0,0,2,0,1,0,29,0,1,0,1,2,0,1,0,1,1,0,0,1
0,0,1,24,0,0,0,1,0,0,0,0,0,0,1,0,0,11328,1,0,0,0,0,0,1,0,2,1,0,3,0,1,0,29,1,0,0,1,2,1,0,0,1,0,0,1,1
1,0,0,6,0,1,0,0,0,0,0,0,0,1,0,0,0,1872,1,0,0,0,0,0,0,0,4,0,0,4,0,0,0,36,0,1,0,0,3,1,0,0,1,0,0,0,1
1,0,0,42,0,1,0,0,0,0,0,0,0,0,0,0,1,3394,1,0,0,0,0,0,0,0,4,1,0,4,0,1,0,65,0,1,0,1,2,0,0,1,1,1,0,0,1
1,0,0,12,0,0,0,1,0,0,0,0,0,1,0,0,0,1620,1,0,0,0,0,0,1,0,2,1,0,3,1,0,0,30,0,1,0,1,1,0,1,0,1,1,0,0,0
1,0,0,36,0,0,0,1,0,1,0,0,0,0,0,0,0,1842,1,0,0,0,1,0,0,0,4,0,0,4,0,1,0,34,0,1,0,1,1,0,1,0,1,0,0,1,0
0,0,0,36,0,1,0,0,0,0,1,0,0,0,0,0,0,11054,0,0,0,0,0,0,1,0,4,0,0,2,0,1,0,30,0,1,0,1,1,1,0,0,1,0,0,0,1
0,0,0,12,0,0,0,0,0,0,0,0,0,1,0,0,0,2759,1,0,0,0,0,1,0,0,2,0,0,4,1,0,0,34,0,1,0,1,2,0,1,0,1,1,0,0,1
0,0,0,24,0,0,0,1,0,0,1,0,0,0,0,0,0,2670,1,0,0,0,0,1,0,0,4,0,0,4,0,1,0,35,0,1,0,1,1,1,0,0,1,0,0,0,1
1,0,0,24,0,0,0,1,0,1,0,0,0,0,0,0,0,4817,1,0,0,0,0,0,0,1,2,1,0,3,1,0,0,31,0,1,0,1,1,0,1,0,1,0,0,1,1
1,0,0,11,0,1,0,0,0,1,0,0,0,0,0,0,0,3905,1,0,0,0,0,0,1,0,2,0,0,2,0,0,1,36,0,1,1,0,2,0,1,0,2,1,0,0,1
1,0,0,12,0,0,0,1,0,0,1,0,0,0,0,0,0,3386,1,0,0,0,0,1,0,0,3,0,0,4,0,0,0,35,0,1,0,0,1,0,1,0,1,0,0,1,1
1,0,0,15,0,0,0,1,0,1,0,0,0,0,0,0,0,1721,1,0,0,0,1,0,0,0,2,0,0,3,0,0,1,36,0,1,0,1,1,0,1,0,1,1,0,0,1
0,0,1,12,0,0,0,1,0,0,0,0,0,0,0,0,0,754,0,0,0,0,0,1,0,0,4,0,0,4,1,0,0,38,0,1,0,1,2,0,1,0,1,1,0,0,1
0,0,0,18,0,0,0,1,1,0,0,0,0,0,0,0,0,1950,1,0,0,0,0,0,0,1,4,0,0,1,0,1,0,34,0,0,0,1,2,0,1,0,1,0,0,0,1
1,0,0,24,0,0,0,1,0,0,1,0,0,0,0,0,0,2924,1,0,0,0,0,0,1,0,3,0,1,4,0,0,0,63,1,0,0,1,1,0,1,0,2,0,0,0,1
1,0,0,24,0,0,1,0,0,0,0,0,0,0,0,1,0,1659,1,0,0,0,1,0,0,0,4,0,0,2,0,1,0,29,0,1,1,0,1,0,0,0,1,0,0,1,0
0,0,0,33,0,0,1,0,1,0,0,0,0,0,0,0,0,2764,1,0,0,0,0,0,1,0,2,0,0,2,0,1,0,26,0,1,0,1,2,0,1,0,1,0,0,0,0
0,0,0,24,0,0,1,0,0,0,1,0,0,0,0,0,0,4679,1,0,0,0,0,0,0,1,3,0,0,3,0,1,0,35,0,1,0,1,2,0,0,0,1,0,0,0,1
0,0,1,24,0,0,0,1,0,0,0,0,0,0,0,1,0,3092,0,0,1,0,1,0,0,0,3,0,0,2,0,1,0,22,0,1,1,0,1,0,1,0,1,0,0,1,1
1,0,0,6,0,0,0,1,0,0,0,0,1,0,0,0,0,448,1,0,0,0,1,0,0,0,4,0,0,4,1,0,0,23,0,1,0,1,1,0,1,0,1,1,0,1,0
0,0,0,6,0,0,0,1,0,0,0,0,0,0,0,0,0,1238,0,0,0,0,0,0,0,0,4,0,0,4,1,0,0,36,0,1,0,1,1,1,0,0,2,0,0,0,1
0,0,0,39,0,0,0,1,0,0,1,0,0,0,0,0,0,2569,0,0,0,1,0,0,1,0,4,0,0,4,0,1,0,24,0,1,0,1,1,0,1,0,1,1,0,0,1
0,0,1,12,0,0,0,1,1,0,0,0,0,0,0,0,0,1037,0,0,1,0,0,0,0,1,3,0,0,4,0,0,1,39,0,1,0,1,1,0,0,0,1,1,0,0,1
0,0,1,24,0,0,0,1,0,1,0,0,0,0,0,0,0,1201,1,0,0,0,1,0,0,0,4,0,0,1,1,0,0,26,0,1,0,1,1,0,1,0,1,1,0,0,1
1,0,0,30,0,0,0,1,0,0,0,0,0,1,0,0,0,3622,0,1,0,0,0,1,0,0,4,0,0,4,1,0,0,57,0,1,1,0,2,0,1,0,1,0,0,0,0
0,0,1,6,0,0,1,0,0,1,0,0,0,0,0,0,0,1209,1,0,0,0,0,0,0,0,4,0,0,4,1,0,0,47,0,1,0,1,1,1,0,0,1,0,0,1,1
0,0,0,24,0,0,0,1,0,1,0,0,0,0,0,0,0,3757,1,0,0,0,0,1,0,0,4,1,0,4,0,0,0,62,0,1,0,0,1,0,1,0,1,0,0,0,0
0,0,0,6,0,0,0,1,0,1,0,0,0,0,0,0,0,3518,1,0,0,0,0,0,1,0,2,0,1,3,1,0,0,26,0,1,1,0,1,0,1,0,1,1,0,0,1
0,0,0,12,0,1,0,0,0,0,0,0,0,0,0,1,0,1934,1,0,0,0,0,1,0,0,2,0,0,2,0,0,0,26,0,1,0,1,2,0,1,0,1,1,0,0,1
0,0,1,27,0,0,0,0,1,0,0,0,0,0,0,0,0,8318,1,0,0,0,0,1,0,0,2,0,0,4,0,0,0,42,0,1,0,0,2,1,0,0,1,0,0,1,0
0,0,0,6,0,1,0,0,0,0,0,0,0,0,0,1,0,1237,0,0,1,0,0,0,1,0,1,0,0,1,1,0,0,27,0,1,0,1,2,0,1,0,1,1,0,0,0
0,0,1,6,0,0,0,1,0,0,0,0,0,0,0,1,0,368,0,0,0,0,0,1,0,0,4,0,0,4,1,0,0,38,0,1,0,1,1,0,1,0,1,1,0,0,1
1,0,0,24,0,0,0,1,0,0,0,0,0,1,0,0,0,2996,0,0,0,0,0,0,1,0,2,0,0,4,0,1,0,20,0,1,0,1,1,0,1,0,1,1,0,1,1
0,0,1,36,0,0,0,1,0,0,0,0,0,1,0,0,0,9034,0,0,1,0,1,0,0,0,4,1,0,1,0,0,0,29,0,1,1,0,1,1,0,0,1,0,0,1,1
0,0,1,18,0,0,0,1,0,0,0,0,0,0,0,1,0,1301,1,0,0,0,0,1,0,0,4,0,1,2,0,0,1,32,0,1,0,1,1,0,0,0,1,1,0,0,1
0,1,0,6,0,1,0,0,0,1,0,0,0,0,0,0,0,1323,0,0,1,0,0,1,0,0,2,0,0,4,0,1,0,28,0,1,0,1,2,0,1,0,2,0,0,0,1
1,0,0,24,0,0,0,1,0,1,0,0,0,0,0,0,0,1207,1,0,0,0,1,0,0,0,4,0,0,4,1,0,0,24,0,1,1,0,1,0,1,0,1,1,0,1,0
0,0,0,10,0,0,0,1,0,1,0,0,0,0,0,0,0,1309,0,0,0,0,0,0,1,0,4,0,1,4,1,0,0,27,0,1,0,1,1,0,0,0,1,1,0,1,1
0,1,0,15,0,1,0,0,0,0,1,0,0,0,0,0,0,2360,0,0,0,1,0,0,1,0,2,0,0,2,0,1,0,36,0,1,0,1,1,0,1,0,1,0,0,0,1
0,0,1,15,1,0,0,0,0,1,0,0,0,0,0,0,0,6850,0,0,1,0,0,0,0,0,1,0,0,2,1,0,0,34,0,1,0,1,1,1,0,0,2,0,0,1,1
0,0,0,24,0,0,0,1,0,0,0,0,0,0,0,1,0,1413,1,0,0,0,0,0,1,0,4,0,0,2,1,0,0,28,0,1,0,1,1,0,1,0,1,1,0,0,1
0,0,0,39,0,0,0,1,0,0,1,0,0,0,0,0,0,8588,0,0,1,0,0,1,0,0,4,0,0,2,0,1,0,45,0,1,0,1,1,1,0,0,1,0,0,0,1
1,0,0,12,0,0,0,1,0,1,0,0,0,0,0,0,0,759,1,0,0,0,0,0,0,1,4,0,0,2,0,0,1,26,0,1,0,1,1,0,1,0,1,1,0,1,1
1,0,0,6,0,1,0,0,0,1,0,0,0,0,0,0,0,609,1,0,0,0,0,0,0,1,4,0,0,3,1,0,0,37,0,1,0,1,2,0,1,0,1,1,1,0,0
1,0,0,6,0,1,0,0,0,1,0,0,0,0,0,0,0,1361,1,0,0,0,1,0,0,0,2,0,0,4,0,0,1,40,0,1,0,1,1,0,0,0,2,1,1,0,1
0,0,0,36,0,1,0,0,0,0,0,0,0,1,0,0,0,7127,1,0,0,0,1,0,0,0,2,0,0,4,1,0,0,23,0,1,1,0,2,0,1,0,1,0,0,1,0
0,0,0,6,0,1,0,0,0,0,0,0,0,0,0,1,0,700,0,0,0,0,0,1,0,0,4,0,0,4,0,0,0,36,0,1,0,0,2,0,1,0,1,1,0,0,1
0,0,0,24,0,1,0,0,0,0,0,0,0,0,0,0,1,5507,1,0,0,0,0,1,0,0,3,0,0,4,0,0,0,44,0,1,0,0,2,0,1,0,1,1,0,0,1
1,0,0,18,0,0,0,1,0,0,0,0,0,0,0,1,0,3190,1,0,0,0,0,0,1,0,2,0,0,2,0,0,1,24,0,1,0,1,1,0,1,0,1,1,0,1,0
1,0,0,48,0,0,0,0,0,0,0,0,0,1,0,0,0,7119,1,0,0,0,0,0,1,0,3,0,0,4,0,0,0,53,0,1,0,0,2,0,1,0,2,1,0,1,1
1,0,0,36,0,0,0,1,0,0,0,0,0,0,0,1,0,2302,1,0,0,0,0,0,1,0,4,0,0,4,0,1,0,31,0,1,1,0,1,0,1,0,1,1,0,1,1
0,0,1,36,0,0,0,1,0,0,0,0,1,0,0,0,0,2273,1,0,0,0,0,0,0,1,3,0,0,1,0,1,0,32,0,1,0,1,2,0,1,0,2,1,0,0,1
0,0,0,24,0,0,0,1,0,0,0,0,0,0,0,1,0,1311,0,0,1,0,0,0,0,1,4,0,0,3,1,0,0,26,0,1,0,1,1,0,1,0,1,0,0,0,1
0,1,0,21,0,1,0,0,0,0,0,0,1,0,0,0,0,2319,1,0,0,0,1,0,0,0,2,0,0,1,0,1,0,33,0,1,1,0,1,0,1,0,1,1,0,1,1
1,0,0,6,0,0,0,1,0,1,0,0,0,0,0,0,0,1374,0,0,0,0,0,0,0,0,4,0,0,3,1,0,0,75,0,1,0,1,1,1,0,0,1,0,0,0,0
0,0,1,18,0,1,0,0,0,0,0,0,0,1,0,0,0,3612,1,0,0,0,0,1,0,0,3,0,0,4,1,0,0,37,0,1,0,1,1,0,1,0,1,0,0,0,0
1,0,0,48,0,0,0,1,0,1,0,0,0,0,0,0,0,7763,1,0,0,0,0,1,0,0,4,0,0,4,0,0,0,42,1,0,0,0,1,1,0,0,1,1,0,1,1
0,0,1,12,0,0,0,1,0,0,0,0,0,0,0,1,0,1534,1,0,0,0,1,0,0,0,1,0,0,1,0,0,1,23,0,1,1,0,1,0,1,0,1,1,0,1,1
0,0,0,24,0,0,1,0,0,1,0,0,0,0,0,0,0,2032,1,0,0,0,0,1,0,0,4,0,0,4,0,0,0,60,0,1,0,0,2,0,1,0,1,0,0,0,1
1,0,0,30,0,0,0,1,0,0,0,0,0,1,0,0,0,6350,0,0,0,0,0,1,0,0,4,0,0,4,1,0,0,31,0,1,0,1,1,0,1,0,1,1,0,1,1
0,0,0,12,0,1,0,0,0,1,0,0,0,0,0,0,0,1255,1,0,0,0,0,1,0,0,4,0,0,4,0,0,1,61,0,1,0,1,2,0,0,0,1,1,0,0,1
1,0,0,24,0,0,1,0,0,1,0,0,0,0,0,0,0,1333,1,0,0,0,0,0,0,0,4,0,0,2,0,0,1,43,0,1,0,0,2,0,1,0,2,1,0,1,1
0,0,0,24,0,1,0,0,0,1,0,0,0,0,0,0,0,2022,1,0,0,0,0,0,1,0,4,0,0,4,0,1,0,37,0,1,0,1,1,0,1,0,1,0,0,0,0
0,0,0,24,0,0,0,1,0,0,0,0,0,0,0,1,0,1552,1,0,0,0,0,0,0,1,3,0,0,1,0,1,0,32,1,0,0,1,1,0,1,0,2,1,0,0,1
0,0,0,48,0,1,0,0,0,0,1,0,0,0,0,0,0,8858,0,0,0,0,0,0,0,1,2,0,0,1,0,0,0,35,0,1,0,0,2,0,1,0,1,0,0,0,1
1,0,0,48,0,0,0,1,0,0,0,0,0,0,0,1,0,6999,1,0,0,0,0,0,0,1,1,0,1,1,0,0,1,34,0,1,0,1,2,0,1,0,1,0,0,1,1
0,0,1,12,0,1,0,0,0,1,0,0,0,0,0,0,0,1995,0,0,1,0,1,0,0,0,4,0,0,1,0,1,0,27,0,1,0,1,1,0,1,0,1,1,0,0,1
1,0,0,24,1,0,0,0,0,0,0,0,0,1,0,0,0,3552,1,0,0,0,0,0,0,1,3,0,0,4,0,1,0,27,1,0,0,1,1,0,1,0,1,1,0,1,1
0,0,1,36,0,0,0,1,0,1,0,0,0,0,0,0,0,12389,0,0,0,0,0,0,1,0,1,0,0,4,0,0,0,37,0,1,0,0,1,0,1,0,1,0,0,1,1
0,0,1,24,0,0,1,0,0,0,0,0,0,0,0,1,0,1553,0,0,1,0,0,0,0,1,3,0,0,2,1,0,0,23,0,1,1,0,2,0,1,0,1,0,0,0,0
0,0,0,30,0,1,0,0,0,0,0,0,0,0,0,1,0,5954,1,0,0,0,0,0,0,1,3,1,0,2,0,1,0,38,0,1,0,1,1,0,1,0,1,1,0,0,1
1,0,0,15,0,0,0,1,1,0,0,0,0,0,0,0,0,806,1,0,0,0,0,0,1,0,4,0,0,4,1,0,0,22,0,1,0,1,1,0,0,0,1,1,0,0,0
0,0,0,15,0,1,0,0,0,0,0,0,0,1,0,0,0,2788,1,0,0,0,0,0,0,1,2,1,0,3,0,1,0,24,1,0,0,1,2,0,1,0,1,1,0,0,0
0,0,1,12,0,0,0,1,0,0,0,0,0,0,0,1,0,2930,1,0,0,0,0,0,0,1,2,0,0,1,0,0,1,27,0,1,0,1,1,0,1,0,1,1,0,0,0
0,0,0,24,0,1,0,0,0,0,0,0,1,0,0,0,0,1927,0,0,0,0,0,0,1,0,3,0,0,2,0,1,0,33,0,1,0,1,2,0,1,0,1,0,0,0,0
0,0,1,36,0,1,0,0,0,1,0,0,0,0,0,0,0,2820,1,0,0,0,1,0,0,0,4,0,0,4,0,1,0,27,0,1,0,1,2,0,1,0,1,1,0,1,1
0,0,0,24,0,0,0,1,0,0,0,0,0,0,0,0,0,937,1,0,0,0,1,0,0,0,4,0,0,3,0,1,0,27,0,1,0,1,2,0,0,0,1,1,0,0,1
0,0,1,36,0,0,0,1,0,0,0,0,0,0,0,0,1,2384,1,0,0,0,1,0,0,0,4,0,0,1,0,0,0,33,0,1,1,0,1,0,0,0,1,1,0,1,1
0,0,0,12,0,0,0,1,0,1,0,0,0,0,0,0,0,2133,0,0,0,0,0,1,0,0,4,0,0,4,0,0,0,52,0,1,0,0,1,1,0,0,1,0,0,0,0
1,0,0,12,0,0,0,1,0,0,0,0,0,1,0,0,0,1289,1,0,0,0,0,0,1,0,4,0,1,1,1,0,0,21,0,1,0,1,1,0,0,0,1,1,0,0,1
1,0,0,12,0,1,0,0,0,0,0,0,0,1,0,0,0,2246,1,0,0,0,0,1,0,0,3,0,0,3,1,0,0,60,0,1,0,1,2,0,1,0,1,1,0,1,1
0,0,1,24,0,0,1,0,0,1,0,0,0,0,0,0,0,1965,0,0,0,0,0,0,1,0,4,0,0,4,0,1,0,42,0,1,1,0,2,0,1,0,1,0,0,0,0
0,0,0,21,0,0,0,1,1,0,0,0,0,0,0,0,0,1572,0,1,0,0,0,1,0,0,4,0,0,4,0,0,1,36,1,0,0,1,1,0,0,0,1,1,0,0,0
0,0,1,24,0,0,0,1,0,1,0,0,0,0,0,0,0,2718,1,0,0,0,0,0,1,0,3,0,0,4,1,0,0,20,0,1,1,0,1,0,0,0,1,0,0,1,0
1,0,0,24,0,0,0,1,0,1,0,0,0,0,0,0,0,1442,1,0,0,0,0,0,0,1,4,0,0,4,0,1,0,23,0,1,1,0,2,0,1,0,1,1,0,1,0
0,0,1,7,0,0,0,1,0,0,0,0,0,0,0,1,0,2329,1,0,0,0,1,0,0,0,1,0,1,1,0,0,1,45,0,1,0,1,1,0,1,0,1,1,0,0,0
0,0,1,9,0,0,0,1,0,0,0,0,0,1,0,0,0,918,1,0,0,0,0,0,1,0,4,0,0,1,1,0,0,30,0,1,0,1,1,0,1,0,1,1,0,1,0
1,0,0,24,1,0,0,0,0,0,0,0,0,1,0,0,0,2828,0,0,0,1,0,0,1,0,4,0,0,4,0,0,1,22,0,0,0,1,1,0,1,0,1,0,0,0,1
0,0,0,24,0,1,0,0,1,0,0,0,0,0,0,0,0,4526,1,0,0,0,0,0,1,0,3,0,0,2,0,0,1,74,0,1,0,1,1,1,0,0,1,0,0,0,1
0,0,1,36,0,0,0,1,0,0,0,0,0,0,0,1,0,2671,0,0,1,0,0,0,1,0,4,1,0,4,0,0,0,50,0,1,0,0,1,0,1,0,1,1,0,1,0
1,0,0,21,0,0,0,1,0,0,0,0,0,0,0,1,0,3357,0,1,0,0,1,0,0,0,4,0,0,2,0,1,0,29,1,0,0,1,1,0,1,0,1,1,0,0,0
1,0,0,24,1,0,0,0,0,0,1,0,0,0,0,0,0,3632,1,0,0,0,0,0,1,0,1,0,1,4,0,1,0,22,1,0,1,0,1,0,1,0,1,1,1,0,0
0,0,1,48,0,0,0,0,1,0,0,0,0,0,0,0,0,12204,0,0,0,0,0,0,1,0,2,0,0,2,0,1,0,48,1,0,0,1,1,1,0,0,1,0,0,0,1
0,0,1,60,0,0,1,0,0,0,0,0,0,0,0,1,0,9157,0,0,0,0,0,0,1,0,2,0,0,2,0,0,0,27,0,1,0,0,1,1,0,0,1,1,0,0,1
1,0,0,6,0,1,0,0,0,1,0,0,0,0,0,0,0,3676,1,0,0,0,0,0,1,0,1,0,0,3,0,0,1,37,0,1,1,0,3,0,1,0,2,1,0,0,1
0,0,0,12,0,0,0,1,0,1,0,0,0,0,0,0,0,640,1,0,0,0,0,0,1,0,4,0,0,2,0,0,1,49,0,1,0,1,1,0,0,0,1,1,0,0,1
1,0,0,12,0,0,0,1,0,0,0,0,0,1,0,0,0,1858,1,0,0,0,1,0,0,0,4,0,0,1,0,1,0,22,0,1,1,0,1,0,1,0,1,1,0,0,0
1,0,0,18,0,0,0,1,0,0,0,0,0,0,0,1,0,2600,1,0,0,0,0,0,1,0,4,0,0,4,0,0,0,65,0,1,0,0,2,0,1,0,1,1,0,1,1
0,1,0,6,0,0,0,1,0,0,0,0,0,1,0,0,0,2116,1,0,0,0,0,0,1,0,2,0,0,2,0,0,1,41,0,1,0,1,1,0,1,0,1,0,0,0,1
1,0,0,24,0,0,0,1,0,0,0,0,0,0,0,1,0,3660,1,0,0,0,0,0,1,0,2,0,0,4,0,1,0,28,0,1,0,1,1,0,1,0,1,1,0,0,0
0,0,1,15,0,0,0,1,0,0,0,0,0,0,0,1,0,1444,0,0,0,0,1,0,0,0,4,0,0,1,1,0,0,23,0,1,0,1,1,0,1,0,1,1,0,0,1
0,0,0,24,0,0,0,1,0,0,0,0,0,0,0,1,0,1376,0,0,0,1,0,0,0,1,4,0,0,1,0,1,0,28,0,1,0,1,1,0,1,0,1,1,0,0,0
0,0,0,60,0,0,1,0,0,0,0,0,0,0,0,1,0,15653,1,0,0,0,0,0,0,1,2,0,0,4,0,1,0,21,0,1,0,1,2,0,1,0,1,0,0,0,1
0,0,0,12,0,0,0,1,0,0,0,0,0,0,0,1,0,1493,1,0,0,0,1,0,0,0,4,0,0,3,0,1,0,34,0,1,0,1,1,0,1,0,2,1,0,0,0
0,0,1,15,0,0,0,1,0,0,0,0,0,0,0,0,1,1308,1,0,0,0,0,1,0,0,4,0,0,4,0,1,0,38,0,1,0,1,2,0,0,0,1,1,0,0,1
1,0,0,30,0,0,0,0,0,0,0,0,0,1,0,0,0,4583,1,0,0,0,0,0,1,0,2,0,1,2,0,0,1,32,0,1,0,1,2,0,1,0,1,1,0,0,1
0,1,0,24,0,0,0,1,0,1,0,0,0,0,0,0,0,947,1,0,0,0,0,0,0,1,4,0,0,3,0,0,0,38,1,0,0,0,1,0,1,0,2,1,0,1,1
0,0,1,12,0,0,0,1,0,0,0,0,0,1,0,0,0,1922,1,0,0,0,0,0,1,0,4,0,0,2,1,0,0,37,0,1,0,1,1,0,0,0,1,1,0,1,1
1,0,0,24,0,0,0,1,0,1,0,0,0,0,0,0,0,2303,1,0,0,0,0,1,0,0,4,1,0,1,0,0,1,45,0,1,0,1,1,0,1,0,1,1,0,1,1
0,0,0,48,0,0,0,1,0,0,0,0,0,0,0,1,0,10222,0,0,0,0,0,0,0,1,4,0,0,3,0,1,0,37,0,0,0,1,1,0,1,0,1,0,0,0,1
0,0,1,30,0,0,0,0,1,0,0,0,0,0,0,0,0,4221,1,0,0,0,0,0,1,0,2,0,0,1,0,1,0,28,0,1,0,1,2,0,1,0,1,1,0,0,0
0,1,0,12,0,0,0,1,0,0,0,0,0,0,0,1,0,1297,1,0,0,0,0,0,1,0,3,0,0,4,0,0,1,23,0,1,1,0,1,0,1,0,1,1,0,0,1
1,0,0,12,0,0,0,1,0,1,0,0,0,0,0,0,0,900,0,0,0,0,0,0,1,0,4,0,0,2,0,1,0,23,0,1,0,1,1,0,1,0,1,1,0,1,1
0,0,0,21,0,0,0,1,0,0,0,0,0,1,0,0,0,2241,1,0,0,0,0,1,0,0,4,0,0,2,0,0,1,50,0,1,0,1,2,0,1,0,1,1,0,0,1
0,1,0,6,0,1,0,0,0,0,0,0,1,0,0,0,0,1047,1,0,0,0,0,0,1,0,2,0,0,4,1,0,0,50,0,1,0,1,1,0,0,0,1,1,0,0,0
0,0,0,24,0,1,0,0,0,0,0,0,0,0,1,0,0,6314,1,0,0,0,0,0,0,0,4,1,0,2,0,0,0,27,1,0,0,1,2,1,0,0,1,0,0,0,1
0,0,1,30,1,0,0,0,0,0,0,0,0,1,0,0,0,3496,0,1,0,0,0,0,1,0,4,0,0,2,0,1,0,34,0,0,0,1,1,0,1,0,2,0,0,0,1
0,0,0,48,1,0,0,0,1,0,0,0,0,0,0,0,0,3609,1,0,0,0,0,0,1,0,1,0,0,1,0,0,1,27,0,0,0,1,1,0,1,0,1,1,0,0,0
0,0,0,24,0,1,0,0,1,0,0,0,0,0,0,0,0,4139,0,0,1,0,0,0,1,0,3,0,0,3,1,0,0,27,0,1,0,1,2,0,0,0,1,0,0,0,1
0,0,0,6,0,1,0,0,0,1,0,0,0,0,0,0,0,2080,0,0,0,1,0,0,1,0,1,0,0,2,0,1,0,24,0,1,0,1,1,0,1,0,1,1,0,0,1
0,0,0,21,0,0,1,0,1,0,0,0,0,0,0,0,0,2580,0,0,0,1,1,0,0,0,4,0,0,2,0,0,1,41,1,0,0,1,1,0,0,0,2,1,0,1,1
0,0,0,24,0,1,0,0,0,0,0,0,0,1,0,0,0,5150,1,0,0,0,0,1,0,0,4,0,0,4,0,1,0,33,0,1,0,1,1,0,1,0,1,0,0,0,1
0,0,0,18,0,0,0,1,0,0,0,0,0,0,0,1,0,1453,1,0,0,0,1,0,0,0,3,0,0,1,0,0,1,26,0,1,0,1,1,0,1,0,1,1,0,0,0
0,0,0,6,0,0,0,1,0,0,0,0,1,0,0,0,0,1538,1,0,0,0,1,0,0,0,1,0,0,2,0,0,0,56,0,1,0,1,1,0,1,0,1,1,0,0,0
0,0,0,12,0,0,0,1,0,0,0,0,0,0,0,1,0,2279,0,0,0,0,0,0,1,0,4,0,0,4,0,0,0,37,0,1,0,0,1,0,1,0,1,0,0,0,1
0,0,1,36,0,0,1,0,1,0,0,0,0,0,0,0,0,9857,0,0,1,0,0,0,0,1,1,0,0,3,1,0,0,31,0,1,0,1,2,0,0,0,2,0,0,0,1
0,0,1,36,0,0,1,0,0,1,0,0,0,0,0,0,0,2862,0,0,1,0,0,1,0,0,4,0,0,3,0,0,0,30,0,1,0,0,1,0,1,0,1,1,0,0,1
0,0,1,15,0,0,0,1,0,0,0,0,0,0,0,0,1,2631,0,0,1,0,0,0,1,0,3,0,0,2,0,0,1,25,0,1,0,1,1,0,0,0,1,1,0,0,0
0,0,0,24,0,0,0,1,0,0,0,0,0,0,0,1,0,2284,1,0,0,0,0,0,0,1,4,0,0,2,0,1,0,28,0,1,0,1,1,0,1,0,1,0,0,0,1
0,0,0,18,0,1,0,0,0,0,0,0,0,0,0,1,0,1800,1,0,0,0,0,0,1,0,4,0,0,2,0,1,0,24,0,1,0,1,2,0,1,0,1,1,0,0,1
1,0,0,48,0,1,0,0,0,0,1,0,0,0,0,0,0,6331,1,0,0,0,0,1,0,0,4,0,0,4,0,0,0,46,0,1,0,0,2,0,1,0,1,0,0,1,1
0,0,1,30,0,0,1,0,1,0,0,0,0,0,0,0,0,2503,0,0,1,0,0,1,0,0,4,0,0,2,1,0,0,41,0,0,0,1,2,0,1,0,1,1,0,0,1
0,0,1,27,0,0,0,1,1,0,0,0,0,0,0,0,0,2528,1,0,0,0,1,0,0,0,4,0,0,1,1,0,0,32,0,1,0,1,1,0,1,0,2,0,0,0,0
0,0,0,15,0,0,0,1,0,1,0,0,0,0,0,0,0,5324,0,0,0,1,0,1,0,0,1,0,0,4,0,0,0,35,0,1,0,0,1,0,1,0,1,1,0,0,0
0,0,1,9,0,0,0,1,0,0,0,0,0,0,0,1,0,1206,1,0,0,0,0,1,0,0,4,0,0,4,0,0,1,25,0,1,0,1,1,0,1,0,1,1,0,0,0
0,0,0,18,0,1,0,0,0,0,0,0,0,0,0,1,0,629,0,0,0,1,0,1,0,0,4,0,0,3,1,0,0,32,1,0,0,1,2,1,0,0,1,0,0,0,1
1,0,0,9,0,1,0,0,0,0,0,0,0,0,0,1,0,1138,1,0,0,0,0,0,1,0,4,0,0,4,0,0,1,25,0,1,0,1,2,0,0,0,1,1,0,0,1
0,0,1,60,0,0,0,1,0,1,0,0,0,0,0,0,0,14027,1,0,0,0,0,0,0,1,4,0,0,2,0,0,0,27,0,1,0,1,1,1,0,0,1,0,0,1,1
0,0,0,30,0,1,0,0,0,0,0,0,0,0,0,1,0,3077,0,0,0,0,0,1,0,0,3,0,0,2,0,1,0,40,0,1,0,1,2,0,1,0,2,0,0,0,1
0,0,1,20,0,0,0,0,0,0,1,0,0,0,0,0,0,6148,0,0,1,0,0,1,0,0,3,0,0,4,0,1,0,31,1,0,0,1,2,0,1,0,1,0,0,0,1
0,1,0,9,0,0,0,0,0,0,0,0,0,0,0,1,0,1337,1,0,0,0,1,0,0,0,4,0,0,2,0,1,0,34,0,1,0,1,2,1,0,0,1,0,0,1,1
1,0,0,12,0,0,0,1,0,1,0,0,0,0,0,0,0,1228,1,0,0,0,0,0,1,0,4,0,0,2,0,0,1,24,0,1,0,1,1,0,0,0,1,1,0,1,0
0,0,0,27,0,0,0,1,0,1,0,0,0,0,0,0,0,2570,1,0,0,0,0,0,1,0,3,0,0,3,0,0,1,21,0,1,1,0,1,0,1,0,1,1,0,1,0
0,1,0,24,0,1,0,0,1,0,0,0,0,0,0,0,0,1275,0,1,0,0,0,0,1,0,2,0,0,4,0,0,1,36,0,1,0,1,2,0,1,0,1,0,0,0,1
1,0,0,24,0,0,0,1,0,0,0,0,0,0,0,1,0,1987,1,0,0,0,0,0,1,0,2,0,0,4,0,0,1,21,0,1,1,0,1,0,0,0,2,1,0,1,1
0,0,1,8,0,0,0,1,0,0,0,0,0,0,0,1,0,760,1,0,0,0,0,0,0,1,4,0,1,2,0,0,1,44,0,1,0,1,1,0,0,0,1,1,0,0,0
0,0,0,4,0,1,0,0,0,1,0,0,0,0,0,0,0,3380,1,0,0,0,0,0,0,1,1,0,0,1,0,0,1,37,0,1,0,1,1,0,1,0,2,1,0,0,0
0,0,0,6,0,1,0,0,0,1,0,0,0,0,0,0,0,6761,1,0,0,0,0,0,0,1,1,0,0,3,0,0,0,45,0,1,0,1,2,1,0,0,2,0,0,0,1
0,0,1,30,0,0,0,0,1,0,0,0,0,0,0,0,0,4280,0,0,1,0,0,0,1,0,4,0,0,4,0,1,0,26,0,1,1,0,2,0,0,0,1,1,0,1,0
0,0,1,10,1,0,0,0,0,0,0,0,0,0,0,1,0,1048,1,0,0,0,0,0,1,0,4,0,0,4,0,0,1,23,0,0,0,1,1,0,0,0,1,1,0,0,1
0,0,0,21,0,0,0,1,0,0,0,0,0,0,0,1,0,3160,0,0,0,0,0,1,0,0,4,0,0,3,1,0,0,41,0,1,0,1,1,0,1,0,1,0,0,0,1
1,0,0,24,1,0,0,0,0,0,0,0,0,1,0,0,0,2483,0,0,0,1,0,0,1,0,4,0,0,4,0,0,1,22,0,0,0,1,1,0,1,0,1,0,0,0,1
1,0,0,15,0,0,0,1,0,1,0,0,0,0,0,0,0,2511,1,0,0,0,0,0,0,0,1,0,0,4,0,1,0,23,0,1,1,0,1,0,1,0,1,1,0,0,0
1,0,0,12,0,0,0,1,0,1,0,0,0,0,0,0,0,1274,1,0,0,0,1,0,0,0,3,0,0,1,0,0,1,37,0,1,0,1,1,0,0,0,1,1,0,1,0
1,0,0,6,0,0,0,1,0,0,0,0,0,1,0,0,0,428,1,0,0,0,0,1,0,0,2,0,0,1,1,0,0,49,1,0,0,1,1,0,1,0,1,0,0,0,0
0,0,1,12,0,0,0,1,1,0,0,0,0,0,0,0,0,841,0,0,1,0,0,0,0,1,2,0,0,4,0,0,1,23,0,1,1,0,1,0,0,0,1,1,0,0,0
0,0,0,12,0,0,1,0,0,0,0,0,0,0,0,0,1,1555,0,1,0,0,0,1,0,0,4,0,0,4,0,0,0,55,0,1,0,0,2,0,1,0,2,1,0,1,1
1,0,0,24,0,0,0,1,0,1,0,0,0,0,0,0,0,1285,0,0,0,0,0,0,0,1,4,0,0,4,0,0,0,32,0,1,1,0,1,0,1,0,1,1,0,1,0
0,0,0,24,0,0,0,1,0,1,0,0,0,0,0,0,0,1393,1,0,0,0,0,0,1,0,2,0,1,2,0,0,1,31,0,1,0,1,1,0,1,0,1,0,0,0,1
1,0,0,12,0,0,0,1,0,0,0,0,0,0,0,1,0,2214,1,0,0,0,0,0,1,0,4,0,0,3,1,0,0,24,0,1,0,1,1,0,0,0,1,1,0,0,1
0,0,0,21,0,1,0,0,0,1,0,0,0,0,0,0,0,12680,0,0,0,0,0,1,0,0,4,0,0,4,0,0,0,30,0,1,0,0,1,1,0,0,1,0,0,1,1
0,0,0,24,0,1,0,0,0,1,0,0,0,0,0,0,0,2463,0,0,1,0,0,0,0,1,4,0,0,3,1,0,0,27,0,1,0,1,2,0,1,0,1,0,0,0,1
0,0,1,12,0,0,0,1,0,0,0,0,0,0,0,1,0,1155,1,0,0,0,0,1,0,0,3,0,1,3,0,0,1,40,1,0,0,1,2,0,0,0,1,1,0,0,1
1,0,0,30,0,0,0,1,0,0,0,0,0,1,0,0,0,3108,1,0,0,0,1,0,0,0,2,0,0,4,1,0,0,31,0,1,0,1,1,0,0,0,1,1,0,1,1
0,0,1,12,0,1,0,0,0,0,0,0,0,1,0,0,0,3617,1,0,0,0,0,1,0,0,1,0,0,4,0,1,0,28,0,1,1,0,3,0,1,0,1,0,0,0,1
1,0,0,24,0,0,0,1,0,0,1,0,0,0,0,0,0,2812,0,0,0,0,0,1,0,0,2,0,0,4,0,0,1,26,0,1,1,0,1,0,1,0,1,1,0,0,0
0,0,0,21,0,1,0,0,0,0,1,0,0,0,0,0,0,3275,1,0,0,0,0,1,0,0,1,0,0,4,0,1,0,36,0,1,0,1,1,1,0,0,1,0,0,0,1
0,0,0,24,0,1,0,0,0,0,0,0,0,0,0,1,0,2223,0,0,1,0,0,1,0,0,4,0,0,4,1,0,0,52,1,0,0,1,2,0,1,0,1,1,0,0,1
0,1,0,12,0,1,0,0,0,1,0,0,0,0,0,0,0,1480,0,0,0,1,0,0,0,0,2,0,0,4,0,0,0,66,1,0,0,0,3,0,0,1,1,1,0,0,1
1,0,0,24,0,0,0,1,0,1,0,0,0,0,0,0,0,1371,0,0,0,0,0,0,1,0,4,0,0,4,0,0,1,25,0,1,1,0,1,0,1,0,1,1,0,1,0
0,0,0,36,0,1,0,0,0,1,0,0,0,0,0,0,0,3535,1,0,0,0,0,0,0,1,4,0,0,4,0,1,0,37,0,1,0,1,2,0,1,0,1,0,0,0,1
1,0,0,18,0,0,0,1,0,0,0,0,0,0,0,1,0,3509,1,0,0,0,0,0,0,1,4,0,1,1,0,0,1,25,0,1,0,1,1,0,1,0,1,1,0,0,0
0,0,0,24,0,1,0,0,0,1,0,0,0,0,0,0,0,1940,0,1,0,0,0,1,0,0,4,0,0,4,0,0,1,60,0,1,0,1,1,0,1,0,1,0,0,0,1
0,0,1,12,0,0,0,0,0,0,0,0,0,0,0,0,0,1410,1,0,0,0,0,0,1,0,2,0,0,2,0,0,1,31,0,1,0,1,1,0,0,0,1,0,0,0,1
0,0,1,12,0,0,0,1,0,1,0,0,0,0,0,0,0,836,0,0,1,0,1,0,0,0,4,0,0,2,1,0,0,23,1,0,0,1,1,0,0,0,1,1,0,1,0
0,0,1,20,0,0,0,1,0,0,1,0,0,0,0,0,0,6468,0,0,0,0,0,0,0,0,1,0,0,4,0,0,1,60,0,1,0,1,1,1,0,0,1,0,0,0,1
0,0,1,18,0,0,0,1,1,0,0,0,0,0,0,0,0,1941,0,1,0,0,0,0,1,0,4,0,0,2,1,0,0,35,0,1,0,1,1,0,0,0,1,0,0,0,1
0,0,0,22,0,0,0,1,0,0,0,0,0,0,0,1,0,2675,0,0,0,1,0,1,0,0,3,0,0,4,0,1,0,40,0,1,0,1,1,0,1,0,1,1,0,0,1
0,0,1,21,0,0,0,1,1,0,0,0,0,0,0,0,0,1188,1,0,0,0,0,1,0,0,2,0,0,4,1,0,0,39,0,1,0,1,1,0,1,0,2,1,0,1,0
0,0,0,24,0,0,0,1,0,0,1,0,0,0,0,0,0,6313,0,0,0,0,0,1,0,0,3,0,0,4,0,1,0,41,0,1,0,1,1,1,0,0,2,0,0,0,1
0,0,0,6,0,1,0,0,0,0,0,0,0,1,0,0,0,1221,0,0,0,0,0,0,1,0,1,0,0,2,1,0,0,27,0,1,0,1,2,0,1,0,1,1,0,0,1
0,1,0,24,0,0,0,1,0,0,0,0,0,1,0,0,0,2892,1,0,0,0,0,1,0,0,3,0,0,4,0,0,0,51,0,1,0,0,1,0,1,0,1,1,0,0,1
0,0,0,24,0,0,0,1,0,0,0,0,0,1,0,0,0,3062,0,0,0,1,0,1,0,0,4,0,0,3,0,0,0,32,0,1,1,0,1,0,1,0,1,0,0,0,1
0,0,1,9,0,0,0,1,0,1,0,0,0,0,0,0,0,1549,0,0,0,0,1,0,0,0,4,0,0,2,0,0,1,35,0,1,0,1,1,0,0,1,1,1,0,0,1
0,0,0,24,0,1,0,0,0,0,0,0,1,0,0,0,0,1597,1,0,0,0,0,1,0,0,4,0,0,4,0,0,0,54,0,1,0,0,2,0,1,0,2,1,0,0,1
1,0,0,20,0,1,0,0,0,0,0,0,0,1,0,0,0,4272,1,0,0,0,0,1,0,0,1,0,0,4,1,0,0,24,0,1,0,1,2,0,1,0,1,1,0,0,0
0,0,0,12,0,1,0,0,0,0,0,0,0,0,0,1,0,976,0,0,0,0,0,1,0,0,4,0,0,4,0,1,0,35,0,1,0,1,2,0,1,0,1,1,0,0,1
0,0,1,6,0,0,0,1,0,0,0,0,0,0,0,1,0,590,1,0,0,0,1,0,0,0,3,0,0,3,0,0,1,26,0,1,0,1,1,0,0,0,1,1,1,0,1
0,0,0,12,0,1,0,0,0,0,0,0,0,0,0,1,0,930,0,0,0,0,0,1,0,0,4,0,0,4,0,0,1,65,0,1,0,1,4,0,1,0,1,1,0,0,1
0,0,1,42,1,0,0,0,0,0,1,0,0,0,0,0,0,9283,1,0,0,0,0,0,0,0,1,0,0,2,0,0,0,55,1,0,0,0,1,1,0,0,1,0,0,0,1
1,0,0,36,0,1,0,0,0,0,1,0,0,0,0,0,0,9629,1,0,0,0,0,0,0,1,4,0,0,4,0,1,0,24,0,1,0,1,2,0,1,0,1,0,0,1,1
1,0,0,48,0,0,0,1,0,0,0,1,0,0,0,0,0,3051,1,0,0,0,0,0,1,0,3,0,0,4,0,1,0,54,0,1,0,1,1,0,1,0,1,1,0,1,1
0,0,1,36,0,0,1,0,0,1,0,0,0,0,0,0,0,7432,1,0,0,0,0,0,1,0,2,0,0,2,1,0,0,54,0,1,1,0,1,0,1,0,1,1,0,0,0
0,0,0,6,0,0,0,1,0,0,0,1,0,0,0,0,0,1338,0,0,0,1,0,0,1,0,1,0,0,4,0,0,1,62,0,1,0,1,1,0,1,0,1,1,0,0,1
0,0,0,6,0,1,0,0,0,0,0,0,0,0,0,1,0,1554,1,0,0,0,0,0,0,1,1,0,0,2,0,1,0,24,0,1,1,0,2,0,1,0,1,0,0,0,0
1,0,0,36,0,0,0,1,0,0,0,0,0,0,1,0,0,15857,1,0,0,0,0,0,0,0,2,1,0,3,0,1,0,43,0,1,0,1,1,1,0,0,1,1,0,0,1
0,0,0,12,0,0,0,1,0,1,0,0,0,0,0,0,0,1101,1,0,0,0,0,0,1,0,3,0,0,2,0,0,1,27,0,1,0,1,2,0,1,0,1,0,0,0,1
0,1,0,12,0,0,0,1,0,0,0,0,0,0,0,1,0,3016,1,0,0,0,0,0,1,0,3,0,0,1,0,1,0,24,0,1,0,1,1,0,1,0,1,1,0,0,1
1,0,0,36,0,0,0,1,0,0,0,0,0,1,0,0,0,2712,1,0,0,0,0,1,0,0,2,0,0,2,1,0,0,41,1,0,0,1,1,0,1,0,2,1,0,1,1
1,0,0,8,0,1,0,0,0,1,0,0,0,0,0,0,0,731,1,0,0,0,0,1,0,0,4,0,0,4,0,0,1,47,0,1,0,1,2,0,0,0,1,1,0,0,1
1,0,0,18,0,1,0,0,0,1,0,0,0,0,0,0,0,3966,1,0,0,0,0,1,0,0,1,0,0,4,0,0,1,33,1,0,1,0,3,0,1,0,1,0,0,1,0
0,0,0,18,0,0,0,0,1,0,0,0,0,0,0,0,0,4165,1,0,0,0,0,0,1,0,2,0,0,2,0,1,0,36,0,0,0,1,2,0,1,0,2,1,0,1,1
0,0,0,24,0,0,1,0,1,0,0,0,0,0,0,0,0,2375,0,0,0,1,0,0,1,0,4,0,0,2,0,1,0,44,0,1,0,1,2,0,1,0,2,0,0,0,1
1,0,0,18,0,0,0,1,0,1,0,0,0,0,0,0,0,1216,1,0,0,0,1,0,0,0,4,0,0,3,0,1,0,23,0,1,1,0,1,0,1,0,1,0,0,1,0
0,0,1,24,0,0,0,1,0,0,0,0,0,0,0,1,0,5084,0,0,0,0,0,1,0,0,2,0,0,4,0,1,0,42,0,1,0,1,1,0,1,0,1,0,0,0,0
0,0,0,4,0,0,0,1,0,0,0,0,0,1,0,0,0,601,1,0,0,0,1,0,0,0,1,0,0,3,0,0,1,23,0,1,1,0,1,0,0,0,2,1,0,0,0
1,0,0,24,0,1,0,0,0,0,1,0,0,0,0,0,0,2957,1,0,0,0,0,1,0,0,4,0,0,4,1,0,0,63,0,1,0,1,2,0,1,0,1,0,0,0,1
1,0,0,36,0,0,0,1,0,0,0,0,0,1,0,0,0,5179,1,0,0,0,0,0,0,1,4,0,0,2,1,0,0,29,0,1,0,1,1,0,1,0,1,1,0,1,1
0,0,0,18,0,0,0,1,0,0,0,0,0,0,0,0,1,1943,1,0,0,0,1,0,0,0,4,0,0,4,0,0,1,23,0,1,0,1,1,0,1,0,1,1,0,1,0
0,0,0,18,0,0,0,1,0,0,0,0,0,1,0,0,0,3422,1,0,0,0,0,1,0,0,4,0,0,4,1,0,0,47,1,0,0,1,3,0,1,0,2,0,0,0,1
0,0,0,18,0,0,0,1,0,1,0,0,0,0,0,0,0,6761,0,0,0,0,0,0,1,0,2,0,0,4,0,1,0,68,0,1,1,0,2,0,1,0,1,1,0,1,1
1,0,0,9,0,0,0,1,0,0,0,0,0,0,0,1,0,1364,1,0,0,0,0,0,0,1,3,0,0,4,0,0,1,59,0,1,0,1,1,0,1,0,1,1,0,0,1
1,0,0,12,0,0,0,1,0,0,0,0,0,0,0,1,0,709,1,0,0,0,0,1,0,0,4,0,0,4,0,0,1,57,0,0,0,1,1,0,0,0,1,1,0,1,1
1,0,0,20,0,1,0,0,0,1,0,0,0,0,0,0,0,2235,1,0,0,0,0,0,1,0,4,0,1,2,1,0,0,33,1,0,1,0,2,0,1,0,1,1,1,1,1
1,0,0,18,1,0,0,0,0,1,0,0,0,0,0,0,0,1442,1,0,0,0,0,0,0,1,4,0,0,4,0,0,0,32,0,1,0,0,2,0,0,0,2,1,0,1,1
0,0,0,24,0,0,0,1,0,1,0,0,0,0,0,0,0,1474,0,0,1,0,1,0,0,0,4,0,0,3,0,0,1,33,0,1,0,1,1,0,1,0,1,0,0,0,1
0,0,0,10,0,0,0,1,0,0,0,0,0,0,0,0,0,894,0,0,0,0,0,0,0,1,4,0,0,3,1,0,0,40,0,1,0,1,1,0,1,0,1,0,0,0,0
0,0,0,15,0,1,0,0,0,0,0,0,0,1,0,0,0,3343,1,0,0,0,0,0,1,0,4,0,0,2,0,0,0,28,0,1,0,0,1,0,1,0,1,0,0,0,1
1,0,0,15,0,0,0,1,0,1,0,0,0,0,0,0,0,3959,1,0,0,0,0,0,1,0,3,0,0,2,1,0,0,29,0,1,0,1,1,0,1,0,1,0,0,1,0
0,0,0,24,0,1,0,0,0,0,1,0,0,0,0,0,0,5804,0,1,0,0,0,0,1,0,4,0,0,2,0,0,1,27,0,1,0,1,2,0,1,0,1,1,0,0,1
1,0,0,24,0,0,0,1,0,0,0,0,0,0,0,1,0,2439,1,0,0,0,1,0,0,0,4,0,0,4,0,0,1,35,0,1,0,1,1,0,1,0,1,0,0,1,0
1,0,0,18,0,0,0,1,0,0,0,0,0,0,0,1,0,2389,1,0,0,0,1,0,0,0,4,0,0,1,0,1,0,27,0,0,0,1,1,0,1,0,1,1,0,0,0
0,0,0,12,0,1,0,0,0,0,0,0,0,1,0,0,0,3331,1,0,0,0,0,1,0,0,2,0,0,4,1,0,0,42,0,0,0,1,1,0,1,0,1,1,0,0,1
0,0,0,36,0,0,1,0,0,0,0,0,0,1,0,0,0,7678,0,0,0,1,0,0,0,1,2,0,0,4,0,1,0,40,0,1,0,1,2,0,1,0,1,0,0,0,0
0,1,0,6,0,1,0,0,0,1,0,0,0,0,0,0,0,1343,1,0,0,0,0,1,0,0,1,0,0,4,0,0,1,46,0,1,0,1,2,0,1,0,2,1,1,0,1
1,0,0,24,0,1,0,0,1,0,0,0,0,0,0,0,0,1382,0,0,1,0,0,0,0,1,4,0,0,1,0,0,1,26,0,1,0,1,2,0,1,0,1,0,0,0,1
1,0,0,12,0,0,0,1,0,0,0,0,0,1,0,0,0,3590,1,0,0,0,0,0,1,0,2,1,0,2,1,0,0,29,0,1,0,1,1,0,0,0,2,1,0,0,1
0,0,0,24,0,0,0,1,0,0,1,0,0,0,0,0,0,9277,0,0,0,0,0,0,1,0,2,0,0,4,0,0,0,48,0,1,0,0,1,0,1,0,1,0,0,0,1
0,0,1,24,0,1,0,0,1,0,0,0,0,0,0,0,0,2825,0,0,0,0,0,0,0,1,4,0,0,3,0,0,0,34,0,1,0,1,2,0,1,0,2,0,0,0,1
0,0,1,48,0,0,0,1,1,0,0,0,0,0,0,0,0,15672,1,0,0,0,0,0,1,0,2,0,0,2,0,1,0,23,0,1,0,1,1,0,1,0,1,0,0,1,1
0,0,0,15,0,1,0,0,0,0,0,0,0,0,0,1,0,1829,1,0,0,0,0,1,0,0,4,0,0,4,0,1,0,46,0,1,0,1,2,0,1,0,1,0,0,0,1
0,0,1,36,0,1,0,0,0,0,1,0,0,0,0,0,0,5800,1,0,0,0,0,0,1,0,3,0,0,4,0,1,0,34,0,1,0,1,2,0,1,0,1,0,0,0,1
0,0,0,18,0,1,0,0,0,0,0,0,0,0,0,1,0,1169,0,0,0,0,0,0,1,0,4,0,0,3,1,0,0,29,0,1,0,1,2,0,1,0,1,0,0,0,1
0,0,0,36,0,0,1,0,0,0,1,0,0,0,0,0,0,8947,0,0,0,0,0,0,0,1,3,0,0,2,0,1,0,31,0,0,0,1,1,1,0,0,2,0,0,0,1
1,0,0,21,0,0,0,1,0,0,0,0,0,0,0,1,0,2606,1,0,0,0,1,0,0,0,4,0,0,4,1,0,0,28,0,1,1,0,1,1,0,0,1,0,0,0,0
1,0,0,18,0,0,0,1,0,0,0,0,0,1,0,0,0,4153,1,0,0,0,0,0,1,0,2,1,0,3,0,1,0,42,0,1,0,1,1,0,1,0,1,1,0,1,1
0,0,0,36,0,1,0,0,0,0,1,0,0,0,0,0,0,10477,0,0,0,0,0,1,0,0,2,0,0,4,0,0,0,42,0,1,0,0,2,0,1,0,1,1,0,0,1
0,0,0,24,0,0,0,1,0,0,0,0,0,0,0,1,0,1278,1,0,0,0,0,1,0,0,4,0,0,1,0,0,1,36,0,1,0,1,1,1,0,0,1,0,0,0,1
1,0,0,21,0,0,0,1,0,1,0,0,0,0,0,0,0,3763,0,0,0,0,0,0,0,1,2,1,0,2,0,0,1,24,0,1,0,1,1,0,0,0,1,1,1,0,1
0,0,1,36,0,0,0,1,0,0,0,0,1,0,0,0,0,3711,0,0,0,0,0,0,1,0,2,0,0,2,0,1,0,27,0,1,0,1,1,0,1,0,1,1,0,0,1
0,0,0,15,0,0,1,0,0,0,1,0,0,0,0,0,0,3594,1,0,0,0,1,0,0,0,1,0,0,2,1,0,0,46,0,1,0,1,2,0,0,0,1,1,0,0,0
0,0,0,36,0,0,1,0,0,0,0,0,0,0,0,1,0,4454,1,0,0,0,0,0,1,0,4,0,0,4,0,0,1,34,0,1,0,1,2,0,1,0,1,1,0,0,0
0,0,1,30,0,0,0,1,0,0,0,0,0,0,0,1,0,2991,0,0,0,0,0,1,0,0,2,0,0,4,0,1,0,25,0,1,0,1,1,0,1,0,1,1,0,0,0
0,0,0,11,0,0,0,1,1,0,0,0,0,0,0,0,0,2142,0,1,0,0,0,1,0,0,1,0,0,2,0,0,1,28,0,1,0,1,1,0,1,0,1,0,0,0,1
0,0,1,48,0,0,0,0,0,0,0,0,0,0,1,0,0,18424,1,0,0,0,0,0,1,0,1,0,0,2,1,0,0,32,1,0,0,1,1,1,0,0,1,0,1,1,0
1,0,0,6,0,0,0,1,0,1,0,0,0,0,0,0,0,14896,1,0,0,0,0,1,0,0,1,0,0,4,0,0,0,68,1,0,0,1,1,1,0,0,1,0,0,1,1
1,0,0,24,0,0,0,1,0,0,0,0,0,1,0,0,0,2359,0,0,1,0,0,0,0,0,1,0,0,1,1,0,0,33,0,1,0,1,1,0,1,0,1,1,0,1,1
0,0,0,18,0,1,0,0,0,0,0,0,0,1,0,0,0,1817,1,0,0,0,0,0,1,0,4,0,0,2,0,0,0,28,0,1,0,1,2,0,1,0,1,1,0,0,0
0,0,0,48,0,0,1,0,0,0,0,0,0,0,0,1,0,12749,0,0,0,1,0,0,0,1,4,0,0,1,0,1,0,37,0,1,0,1,1,1,0,0,1,0,0,0,1
1,0,0,9,0,0,0,1,0,0,0,0,0,0,0,1,0,1366,1,0,0,0,1,0,0,0,3,0,0,4,1,0,0,22,0,1,1,0,1,0,1,0,1,1,0,1,0
1,0,0,18,0,1,0,0,0,0,0,0,0,1,0,0,0,1049,1,0,0,0,1,0,0,0,4,0,0,4,1,0,0,21,0,1,1,0,1,0,1,0,1,1,0,0,0
1,0,0,12,0,0,1,0,0,1,0,0,0,0,0,0,0,1344,1,0,0,0,0,0,1,0,4,0,0,2,0,0,1,43,0,1,0,1,2,0,0,0,2,1,0,0,1
0,0,1,9,0,0,0,1,0,0,0,0,0,0,0,1,0,1670,1,0,0,0,1,0,0,0,4,0,0,2,0,1,0,22,0,1,0,1,1,0,1,0,1,0,0,1,0
0,0,0,12,0,1,0,0,0,0,0,0,0,0,0,1,0,522,0,0,0,1,0,1,0,0,4,0,0,4,1,0,0,42,0,1,0,1,2,0,1,0,2,0,0,0,1
1,0,0,12,0,0,0,1,0,0,0,0,0,0,0,1,0,1498,1,0,0,0,0,0,1,0,4,0,0,1,0,1,0,23,1,0,0,1,1,0,1,0,1,1,0,0,0
0,1,0,9,0,0,0,1,0,0,0,0,0,0,0,1,0,745,1,0,0,0,0,0,1,0,3,0,0,2,0,0,1,28,0,1,0,1,1,0,0,0,1,1,0,1,0
0,0,0,24,0,1,0,0,0,0,1,0,0,0,0,0,0,6842,0,0,0,0,0,0,1,0,2,0,0,4,1,0,0,46,0,1,0,1,2,1,0,0,2,0,0,0,1
0,0,0,12,0,0,0,1,0,1,0,0,0,0,0,0,0,3527,0,0,0,0,1,0,0,0,2,0,0,3,1,0,0,45,0,1,0,1,1,1,0,0,2,0,0,0,1
0,0,0,4,0,1,0,0,0,1,0,0,0,0,0,0,0,1455,1,0,0,0,0,0,0,1,2,0,0,1,0,0,1,42,0,1,0,1,3,0,0,0,2,1,0,0,1
1,0,0,15,0,0,0,1,0,0,0,0,0,1,0,0,0,1845,1,0,0,0,1,0,0,0,4,0,1,1,1,0,0,46,0,1,1,0,1,0,1,0,1,1,0,0,0
0,0,0,12,0,0,0,1,0,1,0,0,0,0,0,0,0,2859,0,0,0,0,0,0,0,0,4,0,0,4,0,0,0,38,0,1,0,1,1,1,0,0,1,0,0,0,1
0,0,0,18,0,0,0,1,0,0,0,0,0,1,0,0,0,1533,1,0,0,0,1,0,0,0,4,1,0,1,1,0,0,43,0,1,0,1,1,0,0,0,2,1,0,1,1
1,0,0,36,0,0,1,0,1,0,0,0,0,0,0,0,0,2145,1,0,0,0,0,0,0,1,2,0,0,1,0,1,0,24,0,1,0,1,2,0,1,0,1,0,0,1,1
0,0,1,24,0,0,0,1,0,0,1,0,0,0,0,0,0,4113,0,0,0,1,1,0,0,0,3,0,0,4,0,1,0,28,0,1,1,0,1,0,1,0,1,1,0,1,0
0,0,0,36,0,0,0,1,0,0,0,0,0,1,0,0,0,10974,1,0,0,0,0,0,0,0,4,0,0,2,0,1,0,26,0,1,0,1,2,1,0,0,1,0,0,1,0
1,0,0,12,0,0,0,1,0,1,0,0,0,0,0,0,0,1893,1,0,0,0,0,0,1,0,4,0,1,4,1,0,0,29,0,1,0,1,1,0,1,0,1,0,0,0,0
0,1,0,30,0,1,0,0,0,0,0,0,0,0,0,1,0,3656,0,0,0,0,0,1,0,0,4,0,0,4,1,0,0,49,0,0,0,1,2,0,0,0,1,1,0,0,1
0,0,1,9,0,1,0,0,0,0,0,0,0,0,0,1,0,1154,1,0,0,0,0,1,0,0,2,0,0,4,0,0,1,37,0,1,0,1,3,0,0,0,1,1,0,0,1
1,0,0,28,0,0,0,1,0,1,0,0,0,0,0,0,0,4006,1,0,0,0,0,0,1,0,3,0,0,2,0,1,0,45,0,1,0,1,1,0,0,0,1,1,0,1,1
0,0,1,24,0,0,0,1,0,0,0,0,0,1,0,0,0,3069,0,0,1,0,0,1,0,0,4,0,0,4,0,0,0,30,0,1,0,0,1,0,1,0,1,1,0,0,1
0,0,0,6,0,1,0,0,0,0,0,0,0,0,0,1,0,1740,1,0,0,0,0,1,0,0,2,0,0,2,0,0,1,30,0,1,1,0,2,0,1,0,1,1,0,0,1
0,0,1,21,0,0,1,0,0,1,0,0,0,0,0,0,0,2353,1,0,0,0,0,0,1,0,1,0,0,4,1,0,0,47,0,1,0,1,2,0,1,0,1,1,0,0,1
0,0,0,15,0,0,0,1,0,1,0,0,0,0,0,0,0,3556,0,0,0,0,0,0,1,0,3,0,0,2,0,0,0,29,0,1,0,1,1,0,1,0,1,1,0,0,1
0,0,0,24,0,0,0,1,0,0,0,0,0,0,0,1,0,2397,0,0,0,1,0,1,0,0,3,0,0,2,0,1,0,35,1,0,0,1,2,0,1,0,1,0,0,1,1
0,0,1,6,0,0,0,1,0,0,0,0,0,0,0,0,1,454,1,0,0,0,1,0,0,0,3,0,0,1,1,0,0,22,0,1,0,1,1,0,0,0,1,1,0,0,1
0,0,1,27,0,1,0,0,0,0,0,0,0,0,0,1,0,2520,0,0,0,1,0,0,1,0,4,0,0,2,1,0,0,23,0,1,0,1,2,0,0,0,1,1,0,1,1
0,0,0,24,0,0,0,1,0,1,0,0,0,0,0,0,0,7393,1,0,0,0,0,0,1,0,1,0,0,4,1,0,0,43,0,1,0,1,1,0,0,0,2,1,0,0,1
1,0,0,60,0,0,0,1,1,0,0,0,0,0,0,0,0,7297,1,0,0,0,0,1,0,0,4,1,0,4,0,0,0,36,0,1,1,0,1,0,1,0,1,1,0,1,1
0,0,0,30,0,1,0,0,0,0,0,0,0,0,0,1,0,2831,1,0,0,0,0,0,1,0,4,0,0,2,0,1,0,33,0,1,0,1,1,0,1,0,1,0,0,0,0
0,0,1,15,1,0,0,0,0,1,0,0,0,0,0,0,0,1264,0,0,1,0,0,0,1,0,2,0,0,2,1,0,0,25,0,1,1,0,1,0,1,0,1,1,0,1,1
0,0,1,30,0,1,0,0,0,0,0,0,0,1,0,0,0,8386,1,0,0,0,0,0,0,1,2,0,0,2,1,0,0,49,0,1,0,1,1,0,1,0,1,1,0,1,1
0,0,0,48,0,0,0,1,1,0,0,0,0,0,0,0,0,4844,1,0,0,0,0,0,0,0,3,0,0,2,0,1,0,33,1,0,1,0,1,1,0,0,1,0,0,1,1
0,1,0,21,0,0,0,1,0,1,0,0,0,0,0,0,0,2923,0,0,1,0,0,0,1,0,1,0,0,1,0,1,0,28,1,0,0,1,1,1,0,0,1,0,0,0,0
0,0,0,13,0,0,0,1,0,0,0,0,0,0,0,1,0,1409,0,0,1,0,0,0,0,0,2,0,0,4,0,0,1,64,0,1,0,1,1,0,1,0,1,1,0,0,0
1,0,0,24,0,0,0,1,0,0,1,0,0,0,0,0,0,6579,1,0,0,0,0,0,0,0,4,0,0,2,0,0,0,29,0,1,0,0,1,1,0,0,1,0,0,0,1
0,0,1,24,0,1,0,0,0,0,0,0,0,0,0,1,0,1743,1,0,0,0,0,1,0,0,4,0,0,2,1,0,0,48,0,1,0,1,2,0,0,0,1,1,0,0,1
0,0,0,12,0,1,0,0,0,0,0,0,1,0,0,0,0,3565,0,0,0,0,1,0,0,0,2,0,0,1,1,0,0,37,0,1,0,1,2,0,0,0,2,1,0,0,1
1,0,0,18,0,0,0,1,0,0,0,0,0,0,0,1,0,1936,0,0,0,0,0,0,0,1,2,0,0,4,0,1,0,23,0,1,1,0,2,0,0,0,1,1,0,0,1
1,0,0,36,0,0,0,1,0,0,0,0,0,1,0,0,0,3959,1,0,0,0,0,0,0,0,4,0,0,3,1,0,0,30,0,1,0,1,1,1,0,0,1,0,0,0,1
0,0,0,12,0,0,0,1,0,1,0,0,0,0,0,0,0,2390,0,0,0,0,0,1,0,0,4,0,0,3,0,1,0,50,0,1,0,1,1,0,1,0,1,0,0,0,1
0,0,0,12,0,0,0,1,0,0,0,0,0,1,0,0,0,1736,1,0,0,0,0,0,0,1,3,0,0,4,0,0,1,31,0,1,0,1,1,0,0,0,1,1,0,0,0
1,0,0,30,0,0,0,1,0,0,1,0,0,0,0,0,0,3857,1,0,0,0,0,0,1,0,4,0,0,4,1,0,0,40,0,1,0,1,1,1,0,0,1,0,0,0,1
